
20
18 5 231965
13 1 476042
18 2 642193
13 7 149002
12 5 345252
9 12 771540
16 5 797635
12 18 807680
6 19 352647
18 6 269155
12 16 98182
9 18 489653
15 20 197382
3 6 839705
4 18 832671
10 6 319199
6 16 249917
6 15 613326
7 19 818049
15 18 96658
11 2 982177
13 14 1772
17 18 22730
4 10 37366
4 6 950084
9 4 941455
16 18 218842
3 13 720478
13 8 208008
3 1 23001
11 18 923041
11 12 536049
20 1 6964
4 12 661697
12 2 515558
15 1 352385
16 17 133544
14 7 796270
1 6 204277
6 20 57450
17 6 650942
17 15 680595
8 6 392774
6 12 763728
19 18 990297
7 8 960831
15 7 713578
5 11 934419
6 7 366093
1 14 500176
10 18 346126
18 7 903786
6 13 431788
7 1 389197
10
10 9 583378
7 5 34859
6 9 469977
7 4 981132
7 6 755456
10 3 347005
7 10 881228
4 8 584341
7 3 795139
5 6 858014
3 9 306414
5 10 115290
3 6 615794
5 1 80927
7 1 216541
10 4 933880
10 1 787839
7 2 869237
3 4 813125
2 10 210313
8 7 74613
8 3 959467
2 1 83180
10 6 324497
3
1 2 1
2 3 1
3 1 2
