1000 5000000
808 250 74
659 931 273
545 879 424
710 441 166
493 43 488
504 328 230
841 613 304
170 710 158
561 934 100
279 817 336
98 827 13
268 811 134
980 150 80
822 968 173
394 337 486
746 229 92
195 358 2
154 709 445
669 491 125
197 531 404
723 667 50
25 802 354
978 409 229
934 299 482
636 14 366
815 64 37
426 670 116
95 630 2
518 196 106
405 452 299
189 124 6
883 753 67
717 338 439
145 502 398
872 829 138
359 178 398
295 905 110
232 746 176
636 299 143
400 969 413
261 558 95
9 396 469
114 531 7
963 943 366
83 853 268
822 696 213
672 902 91
832 739 58
617 791 141
680 336 7
973 99 96
320 455 224
290 761 406
127 124 7
814 771 239
95 221 345
367 535 227
395 364 239
845 591 51
160 624 448
386 218 273
540 248 386
497 886 124
421 145 469
736 916 126
535 43 12
680 153 245
296 819 397
693 816 492
34 670 398
554 548 326
211 663 212
809 378 262
626 336 369
996 777 268
440 875 332
557 302 373
561 95 485
756 790 408
16 194 270
681 456 356
507 964 3
677 109 250
332 845 139
809 998 152
850 204 232
532 15 420
776 10 181
930 224 55
261 738 46
318 526 201
257 565 98
649 705 51
151 977 413
555 798 5
382 749 66
379 700 210
130 554 484
448 608 274
323 306 177
54 225 131
367 401 445
371 286 17
899 156 134
558 577 179
267 358 212
879 615 320
738 134 92
721 763 134
198 32 89
590 874 378
305 359 201
255 961 416
948 481 231
956 547 108
239 1 427
36 858 114
115 594 361
355 419 358
586 730 16
564 103 418
644 420 468
748 270 396
304 474 104
749 386 159
460 407 431
825 133 474
604 898 421
951 232 481
204 901 21
534 259 4
677 951 435
781 880 333
575 550 43
250 772 311
880 984 471
41 724 151
972 230 319
747 300 231
622 777 125
245 959 197
772 65 61
599 752 441
504 552 302
206 81 419
275 650 414
321 26 13
784 789 118
9 551 325
196 258 12
691 667 411
594 554 66
961 743 404
353 308 142
911 201 300
128 172 288
415 626 142
518 349 343
316 975 446
374 221 412
240 55 306
930 254 190
167 357 305
861 899 93
721 117 81
868 353 440
699 902 312
617 892 172
729 672 162
46 121 241
159 454 128
351 712 64
595 534 228
828 796 32
443 517 7
516 925 102
98 662 104
325 109 437
282 16 211
217 906 474
782 721 292
170 866 328
537 729 126
385 168 450
477 47 77
667 468 21
385 992 211
259 212 245
519 719 435
826 768 190
819 15 326
919 29 30
35 728 241
755 541 397
936 84 49
866 12 253
65 877 238
676 246 211
416 193 211
748 38 300
448 716 194
580 130 165
980 502 26
290 959 34
801 90 171
218 847 39
544 339 437
322 720 497
248 789 360
988 36 236
913 685 490
785 735 168
520 616 46
977 662 326
820 632 404
699 799 140
5 504 180
766 392 108
925 366 122
455 107 451
704 833 33
142 655 478
218 901 290
466 748 123
880 318 17
49 763 30
40 709 404
658 762 253
467 622 58
997 956 431
495 556 222
313 294 428
233 445 292
199 153 357
571 304 440
915 800 267
836 922 44
753 87 220
151 411 124
670 606 444
312 432 493
817 700 472
640 371 337
892 858 334
329 178 411
684 177 490
92 435 212
905 27 392
791 523 365
891 885 314
442 128 180
785 538 371
562 582 166
803 733 333
855 760 348
378 463 11
820 151 378
942 837 221
300 113 260
957 391 153
49 15 45
919 151 102
296 822 232
502 246 462
58 511 429
806 174 138
670 97 4
422 676 19
301 490 263
55 264 144
890 251 236
416 365 495
964 759 153
93 317 215
421 61 451
369 742 348
197 788 2
235 129 72
449 876 254
872 330 294
720 472 321
765 80 131
411 81 114
343 139 383
45 829 394
576 981 1
597 948 371
88 544 234
853 262 325
401 381 279
858 424 499
15 846 163
510 611 350
219 291 56
744 556 386
535 276 322
152 227 252
460 784 215
438 880 199
101 138 286
879 285 343
916 961 68
141 708 67
729 563 364
970 891 124
279 314 262
11 841 479
1 395 8
657 552 287
432 545 240
777 585 253
109 515 455
20 29 172
371 664 448
25 544 355
9 982 53
289 164 360
20 380 357
462 488 354
900 789 245
881 467 284
275 237 410
568 835 440
685 652 50
267 468 111
590 328 274
582 296 437
875 436 232
973 29 299
71 588 298
90 647 91
112 613 464
113 782 452
231 322 214
129 951 101
960 755 493
195 331 133
560 778 280
633 273 384
82 154 123
522 957 319
592 901 197
121 705 100
130 145 176
871 417 100
81 619 289
453 129 301
663 841 150
386 584 16
660 879 460
562 383 49
55 441 382
771 29 252
545 870 96
470 711 173
924 126 220
851 432 244
847 870 171
395 611 393
65 525 362
520 621 63
662 726 435
950 91 323
261 94 429
123 382 367
469 24 223
640 518 294
365 179 457
772 342 356
837 490 229
121 903 313
617 348 447
852 673 312
524 737 106
608 634 367
554 413 426
41 154 258
734 296 140
252 259 195
161 139 430
876 599 293
634 563 277
237 647 374
465 485 193
120 843 329
860 263 146
717 128 173
749 1 371
399 293 46
929 301 144
193 564 284
273 802 10
222 487 14
770 532 358
820 487 357
817 255 255
815 616 38
967 298 378
761 413 192
232 175 464
878 325 285
834 751 28
1000 430 110
145 365 452
813 980 135
408 584 101
260 311 254
892 322 226
254 97 54
662 859 492
964 921 269
688 527 473
220 642 205
952 93 446
371 475 463
177 318 327
414 345 72
980 36 130
289 849 479
618 724 339
509 930 427
969 807 200
256 830 277
489 897 320
865 138 417
319 492 184
399 121 249
962 652 19
978 947 162
479 229 64
236 507 309
969 680 120
324 678 393
954 979 354
296 272 476
205 963 33
820 532 36
469 611 235
271 779 266
46 280 76
328 688 364
38 767 35
84 676 185
556 157 400
665 94 387
634 925 48
195 768 166
911 683 306
315 653 242
586 592 307
761 961 413
404 431 86
201 586 468
485 989 201
687 101 496
200 103 429
184 918 137
803 490 79
726 790 223
596 606 320
692 722 275
515 863 207
284 627 420
802 331 145
376 259 463
132 737 221
309 25 448
509 412 398
1 315 397
1000 646 34
963 540 255
822 287 37
11 174 494
636 989 72
839 822 392
414 561 458
93 744 276
769 414 416
637 892 348
370 833 135
929 144 380
907 55 308
538 204 422
448 35 450
417 760 439
551 184 187
97 686 25
923 364 182
13 252 203
496 537 455
209 981 32
831 96 215
113 137 438
10 686 420
382 909 110
440 868 120
267 1000 21
516 578 423
143 981 382
886 31 326
437 995 446
603 234 481
457 835 18
882 782 459
806 993 161
652 202 43
945 636 56
873 444 323
14 442 282
780 519 161
730 956 83
365 33 314
196 329 5
856 712 382
611 905 52
617 762 365
406 123 114
944 637 119
995 189 244
640 503 344
71 220 213
318 933 283
98 860 74
591 820 11
912 16 479
543 46 271
563 9 484
100 710 214
551 952 166
503 618 454
300 917 85
870 443 4
516 330 258
383 265 353
155 527 28
756 260 453
387 423 130
787 550 380
199 891 104
687 444 328
586 199 88
818 32 477
462 564 215
384 833 223
512 792 372
143 734 54
31 381 205
916 888 111
682 559 287
434 41 160
937 563 439
755 527 27
713 596 122
178 342 159
55 21 198
728 452 463
333 938 305
58 406 408
944 259 40
344 698 282
966 458 106
118 413 125
185 460 300
217 741 352
847 894 116
50 362 150
232 797 124
697 445 251
239 360 436
266 802 388
438 949 121
425 895 276
904 990 287
846 144 258
333 262 79
105 203 32
221 687 131
644 368 149
845 318 250
126 274 364
417 681 349
980 958 315
706 190 308
906 528 115
716 309 398
450 496 30
27 867 399
986 663 19
854 580 204
384 724 60
222 175 35
676 703 437
280 916 251
14 851 493
949 84 482
848 209 207
179 307 268
115 911 471
359 947 305
657 664 138
899 735 157
509 13 114
281 725 105
614 74 463
980 378 270
148 632 254
634 740 21
195 598 425
872 959 321
949 19 402
518 393 114
581 357 441
595 869 171
464 650 135
426 651 218
11 655 26
902 393 35
971 547 188
122 566 90
972 866 161
111 776 110
695 324 35
475 876 78
358 628 223
575 173 340
40 418 31
891 607 397
13 896 439
517 685 228
579 461 473
488 31 296
259 420 213
444 313 207
629 594 427
227 727 234
982 297 393
62 10 378
125 523 241
53 816 181
293 152 53
974 678 418
627 466 262
740 8 220
431 377 326
582 498 194
226 830 323
349 228 425
432 278 407
501 273 102
931 699 78
550 295 128
653 60 78
671 152 225
85 21 16
220 178 196
896 665 101
119 118 224
618 569 88
576 914 123
158 717 83
143 963 9
441 306 171
407 621 463
318 136 253
895 236 111
832 364 352
848 89 272
933 257 346
703 890 320
495 887 108
393 402 366
745 757 475
918 492 292
941 757 60
898 98 310
564 23 86
900 149 54
777 877 334
798 194 404
9 375 267
304 631 82
187 726 170
426 159 186
400 57 373
54 854 276
582 163 49
746 471 132
401 264 48
920 371 202
960 583 80
997 30 2
657 363 152
46 171 455
158 16 309
862 967 174
879 87 31
53 27 380
711 433 452
773 302 188
880 609 38
37 203 479
124 89 75
510 597 124
763 675 223
432 528 157
37 217 348
814 601 237
514 534 476
911 508 174
538 897 56
225 834 62
558 572 77
115 915 290
736 639 195
461 928 344
843 456 122
712 581 113
810 691 484
546 439 435
939 765 482
841 551 119
176 599 275
688 843 89
821 783 306
735 47 404
621 976 363
343 71 439
143 116 236
178 268 375
581 391 197
7 882 44
273 356 139
976 987 198
306 884 83
828 152 100
306 397 162
232 474 281
504 935 83
858 42 138
830 688 287
952 623 131
631 507 220
718 484 140
914 69 84
430 388 441
288 198 180
569 321 245
573 77 431
320 970 489
630 133 59
608 682 63
217 410 246
549 686 209
814 868 106
615 164 480
959 946 24
749 745 178
738 499 278
5 557 176
134 271 454
354 329 129
874 83 272
301 385 435
848 786 309
159 775 424
262 390 357
345 999 248
896 147 363
758 943 97
904 382 282
295 805 156
688 566 294
257 939 352
488 191 181
833 708 415
618 926 139
527 546 358
126 308 380
552 466 326
495 233 281
360 28 416
228 842 410
159 766 262
762 804 255
132 517 305
684 114 412
545 673 293
173 216 230
514 50 12
210 384 349
786 581 490
64 567 86
201 90 298
830 570 361
532 51 305
124 889 223
821 817 366
378 373 113
381 77 401
42 476 420
944 764 282
59 583 468
153 461 457
993 2 240
412 298 380
200 219 306
816 838 316
130 473 497
161 372 325
446 781 78
559 955 116
609 96 212
11 283 411
283 778 125
50 994 45
417 625 82
62 500 11
675 529 192
648 582 294
521 169 416
477 694 307
506 232 379
350 231 210
388 975 485
271 389 165
939 689 108
663 6 12
685 656 476
160 540 150
900 991 467
743 223 22
461 835 448
294 102 366
249 775 333
389 3 311
720 695 94
11 812 406
459 208 54
575 908 303
815 68 314
868 369 227
401 108 421
293 553 190
14 44 366
689 303 174
46 398 116
253 389 387
529 718 123
724 327 197
662 344 45
453 73 388
458 516 328
762 536 402
240 965 492
459 960 344
749 542 122
900 470 231
382 214 8
155 707 39
628 844 374
81 666 500
160 483 404
240 605 433
28 857 415
708 836 233
137 234 124
231 165 156
127 505 264
161 70 324
856 679 428
870 238 58
321 243 184
803 428 251
986 794 201
535 792 358
120 519 331
499 427 373
653 612 442
732 708 269
764 979 47
195 774 288
233 135 316
69 600 372
570 602 397
411 593 12
129 513 380
540 645 492
128 292 412
539 883 454
319 4 481
809 181 400
294 76 276
282 198 163
662 326 344
667 953 377
363 310 183
397 661 270
715 279 67
958 482 250
712 79 257
237 480 488
267 92 357
899 347 371
634 334 200
304 242 490
420 269 462
890 614 43
27 893 465
903 91 220
303 247 41
107 587 193
505 722 52
72 529 23
600 750 77
705 277 301
17 171 73
556 654 97
442 22 429
995 932 191
891 643 186
972 674 299
686 620 168
105 86 269
593 244 372
601 530 239
798 589 43
146 105 280
470 754 216
541 702 157
511 447 454
38 823 121
455 494 153
345 335 493
124 387 53
194 610 455
68 183 434
257 521 98
827 56 324
927 60 424
866 940 147
668 722 84
952 491 221
955 182 461
556 337 493
324 106 164
93 18 276
666 340 496
627 166 77
152 67 122
937 451 293
607 180 125
478 687 102
866 377 406
337 63 301
620 110 186
380 66 98
840 684 114
554 714 496
12 864 91
659 638 5
110 824 121
612 983 378
686 355 113
933 140 380
113 48 36
188 326 494
60 162 419
316 701 430
200 341 437
551 985 182
720 725 491
88 690 457
339 403 419
978 795 39
131 914 428
12 706 116
643 241 13
568 793 1
605 52 96
467 486 270
610 574 385
395 352 286
272 731 405
751 215 237
987 635 341
821 192 257
995 39 239
893 78 215
169 429 373
502 104 123
15 641 199
398 207 251
402 910 34
877 346 340
732 533 402
181 213 215
77 186 122
359 361 221
17 75 198
0 0
