10000 1
1 31163 23706
2 1
2 1
2 1
1 14552 2095
1 2401 21763
1 18817 27726
1 1503 18563
1 15315 26184
2 4
2 1
1 1745 24453
1 25199 2467
2 5
1 2626 30896
2 7
1 28869 27839
1 18646 20316
1 24104 591
1 22775 18490
2 11
1 23272 8030
1 19976 13585
1 21176 20496
1 11393 22449
2 12
2 12
1 26031 11245
1 19521 21822
2 10
1 7760 21903
1 11839 18933
2 6
2 7
2 14
2 20
2 13
1 1416 26422
1 5964 23821
1 26901 20694
2 10
2 18
1 16391 18655
1 13599 25175
2 10
2 1
2 3
1 1216 22710
2 14
2 24
2 3
1 7507 1360
1 19585 11103
1 32666 25242
2 4
2 18
2 29
1 30861 4544
1 1863 32386
2 17
2 2
2 30
2 9
1 5496 22347
1 17954 3535
2 5
1 11013 15708
1 21497 17577
2 19
2 33
1 20168 26457
1 8695 6925
2 12
1 14724 7022
1 10636 28376
1 26895 20469
1 21986 6249
2 28
2 39
2 41
1 9755 9390
2 10
2 11
1 6453 10978
1 24014 21492
1 25478 15410
2 25
1 14564 13991
2 35
2 46
1 27629 32363
1 18028 4795
1 29429 13992
2 7
2 44
2 2
2 49
1 8324 21735
2 25
1 3353 1225
1 29234 24898
1 21478 21647
1 22455 6102
1 31640 16493
1 24838 5726
2 48
1 6519 4380
2 55
2 9
1 19872 24696
1 19958 22301
2 57
2 57
2 22
2 17
1 6856 15065
2 36
2 16
1 10718 4696
2 39
2 22
1 14261 17043
2 62
2 10
1 29854 32525
2 63
2 23
1 15968 32370
2 5
1 25360 15462
2 10
1 6183 21943
1 30649 2146
2 41
1 1175 16479
2 36
2 11
2 47
2 37
2 22
1 4240 16629
1 22411 23521
1 23657 1368
2 59
1 29690 27758
2 62
1 23219 19746
2 12
1 13127 13175
1 17015 25010
1 20439 11669
2 5
2 30
1 14073 26815
2 10
1 2829 8364
1 9227 27061
1 4174 15665
1 19633 21306
1 13432 2776
1 11778 2928
2 39
1 17744 23604
2 18
1 2439 7718
2 8
2 59
1 28286 32129
2 55
2 17
1 14216 1715
2 73
1 12422 14806
2 9
2 54
1 28790 20112
2 49
2 82
2 78
2 31
2 16
2 2
2 56
2 36
2 44
2 42
2 12
1 22194 8756
2 46
1 122 2181
2 12
1 3406 24872
2 82
1 444 9671
2 68
1 1825 19327
2 47
1 20129 31248
2 34
1 23931 3614
1 24861 13700
2 49
1 25117 23391
2 97
2 31
2 73
1 27734 18475
1 11108 32397
2 81
1 12961 7630
1 9465 31836
1 3949 27692
1 3973 20402
2 10
1 12174 20684
2 82
2 81
1 11287 16486
2 87
2 4
1 931 14523
1 9199 27586
1 5562 5894
2 10
2 8
2 93
2 32
1 10739 21896
2 46
2 38
1 32277 18007
2 34
1 16639 23807
2 100
2 82
2 51
1 29220 2007
1 2517 26942
1 7314 18684
2 8
2 29
2 88
1 29176 958
1 24699 8704
1 26993 23439
1 21804 9030
2 7
1 26850 16371
2 99
2 11
1 3210 13201
1 9709 19243
1 26110 20034
2 69
1 20227 8472
2 23
2 30
1 15867 1237
2 64
1 11374 31325
2 90
2 123
1 26611 7952
1 3670 23465
2 77
1 20001 2705
2 103
2 41
2 9
2 46
1 28205 22215
2 120
1 26463 31208
1 25421 26620
2 91
2 83
1 5632 3330
1 23000 9334
1 13418 2537
2 98
2 19
1 23516 14993
2 15
1 2185 5057
1 3855 32116
1 13621 6680
1 7446 30743
2 103
2 13
1 31097 12815
2 40
2 78
1 16341 18045
1 11155 27812
2 31
1 30680 175
1 29534 5404
1 9649 19830
1 14316 23919
1 30789 30992
1 20471 19784
2 25
1 24787 30813
1 29970 32763
1 18208 20311
2 7
1 9834 16203
1 20583 30186
1 13787 16452
2 120
2 13
1 28821 29508
2 63
2 127
2 84
2 102
1 29746 32716
1 24012 11237
2 147
1 14472 23863
1 20452 27917
2 78
1 4246 26006
1 2759 530
1 1462 9339
2 11
2 69
2 41
1 31629 38
2 115
1 996 9264
1 23925 9336
1 32604 24070
2 148
2 149
2 57
1 18586 21683
1 15783 19904
1 7584 4789
1 27060 29536
1 2118 29698
2 115
1 2674 16853
2 1
1 25340 7569
2 128
1 13398 18188
1 14808 8104
1 11473 5362
2 73
2 90
2 162
2 105
2 90
1 12864 27102
1 7656 4674
2 33
1 24031 18508
1 15073 20698
2 162
1 21576 22670
1 24321 25942
2 70
1 18935 30884
1 10957 11531
1 27836 14245
2 11
1 12204 9471
1 1127 2117
1 18662 18677
1 23209 17001
2 1
2 182
2 21
1 5858 14232
2 93
2 188
1 18341 5281
2 8
1 626 959
1 10091 5416
1 30646 10811
2 193
2 116
2 68
1 4643 21404
1 12371 27748
2 74
1 7598 27764
2 62
1 11485 7029
2 173
1 21387 26215
2 161
1 11316 17543
2 80
1 23289 26101
2 152
2 8
1 16964 4637
1 22453 19821
2 63
2 112
1 28086 2589
2 163
1 4713 18127
2 88
1 31343 6485
1 18035 16546
1 23587 9816
1 21974 12898
1 25328 6658
1 23623 18428
2 149
2 3
2 187
2 34
2 98
2 178
1 12503 19300
2 183
1 19107 29065
2 46
2 98
2 82
2 122
1 5190 8865
2 157
2 132
2 45
1 19196 1576
2 145
1 18525 15615
1 20117 2238
1 30429 9031
1 22382 3732
2 214
2 63
1 538 27250
1 29850 17652
2 71
2 141
2 171
1 11384 13455
1 966 10311
1 28637 6029
2 163
2 45
1 15027 28251
1 3297 29463
1 16908 25371
1 28846 3263
1 22138 31812
2 77
2 83
2 19
1 9225 28904
2 210
1 2618 16092
1 26475 989
2 34
2 107
2 90
2 215
1 26032 22799
1 29604 17762
2 214
2 73
1 15226 14988
1 1286 21841
1 5857 4526
2 169
1 12533 690
1 1693 22964
2 210
2 237
1 5755 15278
2 49
2 191
2 65
1 18837 3992
2 63
2 35
2 163
2 109
1 12030 19588
1 19677 2955
2 86
1 11654 10175
2 76
1 3135 29458
1 14196 7904
2 225
1 21003 30874
1 7182 14243
1 13446 2896
2 3
1 1725 29627
1 6883 20566
1 30863 6203
2 194
1 1729 6397
1 16169 364
2 182
1 26981 27396
2 64
2 125
1 9452 28520
1 8828 14768
1 30585 21939
1 6419 7294
1 11982 28065
2 104
1 18217 19778
2 178
2 227
1 5897 19859
1 23817 10796
1 8966 8521
2 246
2 122
1 19573 5862
2 45
2 43
2 149
2 148
2 217
2 72
2 134
1 5230 15484
2 219
2 94
1 10303 14221
2 259
1 31897 30177
2 146
2 193
2 135
2 92
1 29806 10696
1 4671 1710
2 204
2 135
2 7
1 26745 11780
1 25475 18090
2 196
1 18379 6529
1 9061 22113
2 144
1 5617 19631
2 198
2 14
2 148
2 58
1 25308 11014
2 6
1 13612 27466
2 32
2 84
2 220
2 263
1 2304 6840
2 200
1 14874 10713
1 457 4792
1 9388 12069
1 994 932
2 95
2 237
2 230
1 21806 25326
1 909 24076
2 145
1 28898 29045
2 12
2 201
1 11586 1302
2 80
1 15775 25418
1 23046 11041
2 6
2 231
2 206
1 8122 29651
2 135
2 132
2 140
1 564 14503
1 21234 27466
2 101
1 5136 23425
1 12353 4853
1 6805 22075
2 77
2 162
2 154
1 3798 20637
2 55
1 23772 5553
1 9678 13677
2 148
2 299
2 188
2 215
1 270 5722
2 241
1 31630 28919
2 140
2 54
2 119
2 46
1 20804 18660
2 270
2 153
1 1125 31687
2 288
2 178
1 32221 9757
1 5037 5245
1 27796 12643
2 133
2 264
2 42
2 215
2 23
1 19757 11573
1 24961 7116
2 185
2 83
2 127
2 236
2 239
1 28424 22570
1 212 8322
2 303
2 189
1 9507 2757
2 82
1 31833 9045
2 176
2 123
2 161
1 26789 15442
1 30210 28907
2 59
2 86
2 195
1 9875 1312
1 18621 31919
1 19811 4807
2 237
1 32662 3229
1 7652 24416
2 176
2 28
2 306
1 10393 19452
1 26928 17960
1 15641 22895
1 25858 13534
2 126
2 90
2 39
1 2609 31799
2 322
1 5240 24971
1 1288 1207
2 3
1 5528 30059
2 102
2 80
2 246
2 152
2 164
2 184
1 15469 147
1 15648 1508
1 23039 25714
1 12829 27505
1 23111 29079
1 21255 23022
2 267
2 36
1 3948 27919
1 16808 15854
2 240
2 32
2 187
1 4433 2791
2 99
2 155
1 6746 20793
2 12
1 31899 27666
1 23183 17181
2 41
2 212
1 31351 13181
1 18825 30428
1 898 16969
2 279
1 25044 31716
2 76
2 37
2 140
2 231
1 2267 13086
2 314
2 45
2 97
1 1251 32273
2 282
2 114
2 247
1 31315 17455
2 209
2 181
1 12937 21767
2 147
1 20161 23161
2 280
1 5135 18338
1 6480 24525
2 79
1 26802 3724
2 309
2 216
2 55
1 9240 23228
2 325
1 25638 17385
2 148
2 269
2 154
2 259
1 25239 29270
1 21236 11993
2 24
1 6789 28819
1 10660 5456
2 288
1 13962 30351
1 19520 23685
1 24149 21165
2 272
2 308
2 45
2 121
2 343
1 2105 12156
2 310
2 220
1 11316 19692
1 17337 20167
2 160
1 26772 20647
2 132
2 351
1 11301 20815
2 24
1 16366 14002
2 14
1 1402 8417
2 17
1 4032 31699
1 8104 3555
1 31422 22295
1 18486 6693
2 338
2 3
2 202
1 756 13161
2 326
1 30122 6689
2 306
1 9164 19903
1 13889 15141
2 81
2 52
1 14942 29700
2 159
1 24236 31642
2 158
2 86
1 14351 10496
2 317
1 5643 15352
1 142 28084
2 139
2 333
1 5585 16743
2 229
2 263
2 304
2 302
1 22816 18149
1 2415 1561
1 21018 11442
1 14124 13039
2 67
2 93
2 104
2 130
1 22503 25698
2 219
1 28591 9358
1 19055 14008
1 32052 5174
2 261
1 27175 21487
1 25422 5565
2 190
1 4859 15075
2 27
1 5474 24728
1 23226 18213
1 11953 20916
2 121
1 919 13689
1 23203 30273
1 18203 18631
1 390 32427
1 1197 30918
1 23659 14058
1 20775 10930
2 215
2 222
1 24620 6472
1 24962 25709
2 220
1 29228 31733
1 14113 11321
1 22064 18928
2 43
1 16781 967
1 18277 13027
2 336
1 1910 15965
2 175
2 130
1 26678 26481
2 201
2 208
1 28695 14455
2 246
1 256 21127
2 315
2 88
1 26697 4563
1 3835 5759
2 158
2 249
2 358
2 254
1 32470 8724
1 15347 2745
2 118
2 38
1 10505 29168
2 86
1 9861 11603
2 299
2 132
2 297
1 2285 8857
1 21821 15782
1 26301 27669
1 2525 19432
1 12379 9374
1 10295 6307
2 290
1 13344 4011
2 315
2 220
1 27216 26619
2 50
2 277
1 2322 25639
2 269
2 129
2 143
1 29719 26226
2 193
1 13422 23738
1 7829 13420
1 4540 10013
1 24364 23962
1 12677 10339
1 18401 20676
2 113
2 69
1 5335 21666
2 166
1 12518 7983
1 15653 15198
1 26274 18891
1 3734 20631
2 252
1 10935 24135
1 2697 2705
1 21759 1994
2 30
1 3510 24852
2 414
1 32017 22431
1 3134 5524
1 3767 30599
1 32089 26017
2 108
1 13266 25314
2 133
2 141
2 118
1 30883 13943
1 2073 11984
1 30463 42
2 278
2 96
2 44
2 239
2 175
1 12292 24520
1 16993 17735
2 157
1 16731 30550
1 30050 5834
1 21334 17411
1 5320 32395
2 412
2 223
2 234
2 366
1 12849 21202
2 338
1 10770 10367
2 404
2 328
2 137
1 9231 26444
2 150
2 207
2 79
2 438
2 17
2 42
1 27287 2083
1 26513 28429
1 349 31960
1 14739 27444
1 28885 17181
2 273
2 129
2 111
1 12656 7079
2 232
1 21714 1721
2 178
2 406
2 60
2 353
2 209
2 12
1 3257 20310
1 27894 3379
1 32151 12221
2 469
2 367
2 172
2 343
1 11387 22828
2 12
2 242
1 20688 15316
2 60
1 25500 12542
1 7915 9182
1 7860 13099
1 906 12025
2 263
1 13955 9540
2 335
2 239
2 363
1 3267 19678
2 146
2 176
2 57
2 394
1 6710 21999
1 24332 14156
2 24
1 5668 336
2 318
1 24848 31977
1 5080 4022
2 147
2 234
1 3908 29388
1 28621 594
2 354
1 32724 30661
2 423
2 311
1 20742 24374
2 185
2 249
1 19947 23511
2 472
1 4552 6717
2 388
1 19972 22606
1 22587 8
2 65
1 28825 8566
2 402
2 171
1 8744 18691
2 163
2 389
2 249
2 187
2 50
1 25127 12591
2 148
2 241
1 18142 32279
2 250
2 170
2 184
1 30326 775
1 22758 5979
1 13334 9693
1 4835 9194
1 32022 30666
2 68
1 22441 31864
1 7680 24084
1 5984 4935
1 18377 29468
2 256
2 202
2 462
1 30312 21640
2 277
1 19372 12048
2 126
2 385
2 353
2 6
2 328
2 336
2 201
2 298
1 15062 27803
1 17333 32325
2 68
1 16343 7889
1 2553 28685
2 308
1 26068 6595
2 93
2 377
1 25806 7423
2 157
2 41
1 11265 31401
2 318
1 14610 11519
2 503
1 15963 10365
1 26598 71
2 263
1 25795 16699
1 8696 2300
2 324
2 237
1 3218 5668
1 16154 9380
2 175
1 18272 6958
1 10839 10255
1 16155 14293
2 59
2 427
1 8978 4900
1 9592 24643
2 137
1 21008 3061
2 454
2 104
2 341
1 24566 10719
1 14196 7888
2 29
2 496
2 331
2 468
1 20251 30212
2 102
1 29023 15670
2 413
1 24204 28017
2 481
2 434
2 216
1 10020 21649
1 28193 27657
1 25769 21508
1 5723 23779
2 11
2 250
2 473
1 22668 14240
2 4
2 258
1 10665 28681
1 2361 1619
1 566 20612
1 27969 15997
1 326 30165
2 2
2 184
2 107
2 206
2 16
2 215
1 17888 20547
1 27298 18202
2 267
2 260
2 477
2 271
1 25316 7562
1 17157 20685
1 8439 11161
2 384
2 1
2 167
1 26132 2229
2 14
1 12786 25539
2 117
1 32081 29474
1 10386 23520
2 231
1 11504 18618
1 28023 27431
1 32017 32264
2 420
1 2712 3526
1 23791 18336
2 312
2 91
2 455
2 506
1 31282 28452
2 460
2 11
2 449
1 28565 6047
2 313
2 209
1 8641 32660
2 254
2 289
1 18689 26455
1 2322 11034
1 28174 28066
1 9662 13157
1 8788 11334
2 449
2 30
2 121
2 429
2 77
2 256
2 457
1 5107 32456
2 101
2 457
1 19285 6634
2 467
2 548
2 534
1 16141 9093
2 55
1 6391 27607
1 25530 26721
2 43
1 26441 2074
1 22636 26802
2 451
1 22801 7228
1 28277 8071
1 21967 26084
1 5602 7667
2 106
2 29
1 23993 2701
1 18149 24906
2 41
1 21201 21587
2 227
2 18
1 24106 14311
1 12913 14225
2 196
2 578
1 2714 13025
1 16750 22152
1 19892 14486
2 561
2 523
2 570
2 337
1 20826 19832
1 22671 19387
1 31977 12045
2 503
1 32217 9540
2 556
1 28570 24484
2 369
1 1877 18859
1 29099 3930
1 11959 17473
1 8668 13832
1 11630 16488
2 212
2 371
2 168
2 559
2 461
2 64
1 12710 30280
1 23745 5298
1 7978 32119
1 15267 16241
2 256
1 12078 32148
1 12647 15740
2 397
1 26080 8659
1 26982 7956
1 21670 7474
1 17358 24872
1 18055 13287
1 27170 3643
1 9853 7513
1 29795 9817
1 22590 3147
1 29461 10943
1 18652 26917
1 5788 10892
1 16937 10070
1 30785 4166
2 21
2 210
1 24326 18964
2 237
1 18981 11253
1 25748 6600
1 2756 3060
2 171
2 329
2 339
2 503
2 506
1 19347 18990
1 15520 1358
2 282
2 104
1 27487 21300
2 203
2 167
2 132
2 305
2 513
2 388
1 9459 11020
2 202
2 275
1 11830 26429
1 13947 7088
2 376
2 182
1 20382 1963
1 19120 31435
2 597
2 148
1 25903 1997
2 153
2 84
2 448
2 496
2 394
1 15163 25558
1 28177 1112
1 8858 4433
1 26913 8908
2 6
2 334
2 389
1 27622 22539
2 570
1 4106 19692
2 310
2 195
2 214
2 245
2 604
1 7681 26133
1 26863 1821
2 559
1 20869 9523
1 8762 19452
2 507
1 11938 25408
2 631
2 261
1 14313 30242
1 9744 21539
2 436
2 321
1 29920 26413
2 225
1 12019 30612
2 381
2 11
1 12278 23777
2 537
2 588
2 565
2 189
1 28971 19362
2 580
1 12399 27391
1 26498 1251
2 239
1 9299 3189
1 13027 25709
2 596
2 28
1 27083 4580
2 289
2 118
2 115
1 31607 30922
1 28000 8565
1 10623 21235
2 4
1 21353 7828
1 29744 30199
2 531
2 61
2 287
2 113
2 578
2 620
2 192
2 386
2 645
2 640
2 407
2 151
2 1
1 81 26194
2 305
2 305
2 473
1 10109 18936
1 31248 13171
1 28357 16851
1 21851 14286
1 31739 28686
2 145
1 23227 19301
2 565
2 148
2 489
2 247
1 3709 1291
1 7016 16318
2 342
1 29308 20413
1 17497 17042
2 633
1 15170 3192
1 2581 25716
1 31032 9678
1 2173 4872
1 3540 7727
1 18009 12463
2 245
1 30272 5825
2 510
2 309
2 638
1 23892 16275
2 148
2 336
1 15469 23362
1 29205 1347
1 29243 7991
2 629
1 26315 2870
2 322
1 28526 2476
1 7410 15296
2 23
2 455
2 328
2 142
1 10282 25400
2 524
2 339
1 23079 3469
2 549
1 31418 573
2 181
2 485
2 479
2 86
2 250
1 21373 23985
2 665
2 384
1 21626 1606
2 264
1 12367 320
2 672
2 78
2 318
1 6272 23997
1 8406 23471
1 19681 917
1 31331 8970
1 22787 10966
1 32343 30412
2 240
1 31680 202
2 529
2 150
2 646
1 8833 3527
1 5815 27277
2 357
1 2441 654
2 243
1 10416 29124
2 86
2 565
1 13233 27421
1 12662 6013
1 22100 27044
1 3983 5715
1 32740 30535
2 387
2 347
1 57 7718
2 487
2 450
2 638
1 26004 16261
1 9394 30922
1 9398 8352
2 235
1 26971 19238
2 167
2 88
2 282
1 20057 27779
1 20632 32704
1 30061 4502
2 517
2 29
1 8599 4482
1 401 11653
1 26102 3100
1 30051 14512
1 17786 25932
2 628
1 12345 3811
1 11118 23605
2 243
2 400
2 431
2 267
1 23511 30813
2 249
1 25055 17456
2 615
1 8498 3176
2 466
2 402
2 582
1 22105 6923
2 444
2 74
2 383
1 10168 24414
1 29245 597
2 718
1 805 23303
2 202
1 10402 12316
2 530
1 21882 26769
1 27259 28925
2 627
2 394
1 9995 19513
2 570
2 249
2 504
2 506
2 148
1 17442 2775
2 139
2 444
2 529
2 217
1 31661 10092
1 26743 12037
1 25034 10703
2 260
2 413
2 53
2 713
2 381
2 387
2 70
1 7214 1180
1 9119 13244
1 10002 29266
1 27121 15820
2 430
2 644
1 17677 8060
2 33
1 13826 30326
1 25100 32121
2 163
1 6673 1765
2 115
2 554
2 630
1 13967 8385
1 27058 4461
2 518
1 22688 19472
2 210
2 701
1 12764 31223
2 15
1 13975 20561
1 11882 18518
1 20070 8958
1 5453 5181
1 28479 9952
2 509
2 539
2 302
2 683
2 259
2 103
2 343
1 24390 2736
1 27297 27423
1 9503 12990
2 90
1 9784 3822
2 226
1 11411 8425
2 120
2 1
2 167
2 189
2 295
2 206
2 562
1 29643 5133
2 215
2 495
2 429
2 150
2 191
1 13257 8776
1 17449 26795
1 27274 27614
2 279
1 17821 27829
1 1858 27309
2 685
1 6160 15777
2 335
2 433
2 460
2 153
2 13
1 29029 14163
1 6432 13923
2 137
1 31999 6923
1 28597 26599
1 20606 11724
2 447
1 20538 22183
1 26352 26078
2 436
2 371
1 32373 24370
1 29775 8622
2 356
2 370
1 24831 14556
2 124
1 4305 7641
1 15085 7753
1 24010 17413
2 206
2 513
1 21582 15289
2 336
2 33
2 167
1 32082 22784
1 28212 6689
2 151
2 605
2 396
1 1738 11779
1 10659 3023
2 96
1 31433 29041
2 175
1 9341 26025
2 732
2 433
2 274
2 760
2 669
2 58
2 646
1 15199 9826
1 17655 25642
2 641
1 32105 7273
2 270
1 6497 28100
1 2072 10944
2 83
2 490
2 303
2 104
2 362
1 27940 4736
1 8691 13015
1 14074 21648
2 740
2 520
1 10949 8866
1 27512 102
1 21358 26410
2 117
1 19874 15664
2 29
2 620
1 13859 31913
2 50
2 79
1 22450 14885
1 14470 1351
1 18059 8365
2 25
2 720
1 14967 6851
2 27
2 519
1 10659 22410
1 16865 7339
1 30677 21271
1 2110 16204
1 21670 15121
2 425
1 26587 23752
1 13654 35
1 8756 17576
2 622
1 7465 2379
1 8958 31719
1 17358 30242
2 349
1 13554 22633
1 23686 2500
1 12833 3934
2 381
1 11875 11249
1 8088 16532
1 12196 14857
1 900 25637
2 632
1 15940 21843
1 8155 32285
1 10970 9873
2 589
1 31627 17076
1 19583 19824
2 813
1 17444 32483
1 21947 23325
2 101
2 74
1 23426 17300
1 24335 19247
1 26267 26080
2 217
1 29772 22656
1 23403 28679
2 66
1 2606 6524
1 24581 24955
1 26798 17888
2 419
2 437
2 462
2 533
1 11674 25994
1 8633 28007
2 516
2 610
2 331
2 118
2 201
1 30899 2821
1 25926 6
1 29721 9458
2 136
2 583
1 9266 14037
2 644
1 3432 2785
1 6441 28626
1 16266 4234
2 494
1 12134 6542
1 30586 6170
2 42
2 837
2 317
1 32092 29955
1 10485 24640
2 561
2 688
2 282
1 8924 21300
2 470
1 20335 26547
1 31216 11352
2 573
2 700
1 31142 2949
2 112
2 41
1 30159 1324
2 635
1 28614 4982
2 552
2 80
1 18005 29841
2 227
1 13190 28299
1 19227 10923
1 7263 12905
1 20850 28013
1 19587 32246
1 9878 14108
1 20581 7761
1 9808 9271
2 327
1 9073 5211
2 635
1 5249 9561
1 27372 29201
2 118
2 324
2 553
1 5281 17751
2 141
2 685
2 536
2 722
1 19609 9905
1 14773 12273
2 759
1 9559 1491
2 556
2 505
2 581
2 80
1 31576 5425
2 293
2 445
1 10588 11246
2 476
2 430
1 29227 28665
1 19101 1836
1 24847 11774
1 8562 25604
1 20017 9208
1 8060 24029
1 1513 30207
1 23273 18301
1 27534 14474
2 449
1 1892 13553
2 498
2 340
2 323
2 294
1 11423 22064
2 616
1 29193 8542
1 21250 13506
2 24
1 3322 20927
2 581
1 15131 26826
1 1558 536
2 303
2 616
1 2623 10256
2 309
2 873
1 17266 15461
2 173
1 10839 5992
1 32749 3116
1 4584 24197
2 147
2 123
1 1564 1847
1 16335 2963
1 2504 27662
2 56
1 4915 16355
1 29372 30199
1 10343 19855
2 190
2 416
1 9331 271
1 25761 6320
1 27718 689
2 95
2 118
1 2505 24108
1 30830 3697
1 2107 9715
2 144
2 755
2 275
2 879
2 557
2 624
2 407
1 15133 1747
2 38
2 853
2 725
2 24
2 765
1 7121 12002
2 493
1 1460 16783
1 15930 23509
1 889 23129
2 390
2 876
2 558
1 28178 3675
1 19766 26302
1 14383 27567
2 708
1 7035 26960
2 802
1 13094 1940
1 9796 5308
2 747
2 115
1 20098 3549
2 442
2 501
1 20305 32035
1 9353 17820
1 15458 15775
1 13140 5271
2 163
2 895
2 661
2 214
1 20423 32525
2 344
1 25543 15435
2 205
1 11006 27737
1 6025 18655
2 89
1 28801 9369
2 599
2 809
1 12216 15506
2 17
2 865
2 206
2 147
2 185
2 483
1 26561 20134
2 199
1 18216 28788
2 62
2 798
1 10839 18005
1 5839 5947
2 218
2 443
2 53
1 8610 7455
2 462
2 322
1 10852 7885
2 842
1 26296 10551
1 29329 29590
1 16450 32075
2 149
1 21421 381
1 7656 21328
2 278
2 162
1 22779 4333
2 184
2 167
2 586
1 16999 5235
1 2819 20565
1 12515 10896
2 565
2 631
1 18113 10348
2 859
1 30960 24636
2 695
2 857
2 824
1 756 16250
2 93
2 105
1 22000 21882
2 832
2 486
1 12777 872
2 927
2 518
2 427
2 556
2 221
1 25604 6780
1 8527 8690
1 25741 14446
1 13803 30619
1 9268 259
1 12091 24262
2 895
2 292
2 761
2 478
2 817
1 6561 9026
1 31232 367
2 71
2 298
1 25639 28119
2 620
1 24200 12112
2 637
2 42
2 214
1 12933 7425
2 608
1 26485 6357
1 3418 28143
1 29060 17534
1 17255 19685
2 280
1 17349 17947
1 20326 23108
1 31240 24913
1 11064 19796
2 89
1 31118 19455
1 10749 16074
1 8131 16906
1 21046 29732
2 591
1 2051 8241
2 624
1 27852 21286
1 4770 12388
1 10913 27561
1 7067 15265
1 16099 15213
1 31266 22277
1 23490 4225
1 14712 3288
2 16
2 479
2 221
1 26801 9214
1 3518 3997
2 739
2 877
2 73
2 340
2 702
1 26385 13470
1 15009 17575
1 4588 5119
2 870
1 28602 30375
2 831
1 7971 13172
1 29820 3728
2 7
1 17947 1582
2 939
2 460
1 29887 27528
1 13947 26061
2 276
1 18161 7364
1 15510 8498
1 27966 30637
2 483
1 8653 243
2 244
1 24355 11334
2 972
2 182
2 563
1 11555 9211
2 829
1 32310 11676
2 211
1 32142 2285
1 31310 24891
2 655
1 17789 26380
2 261
2 683
1 6176 1253
1 4840 21971
1 5467 21939
1 9701 26448
1 32388 1488
1 3933 15454
1 13856 6326
2 784
1 3573 24706
1 4886 14792
1 25758 31287
2 916
1 13611 9329
2 301
1 17038 4069
2 111
2 419
2 860
1 30138 5901
1 9055 4772
2 309
2 480
1 21637 725
1 11853 32690
2 925
1 24957 10765
2 422
1 15560 20131
1 6796 16905
2 753
1 19645 27137
2 679
1 8802 22724
2 665
2 969
1 24248 15733
2 997
2 519
2 511
2 714
2 517
1 28275 3728
1 5343 13903
2 660
1 8071 15445
2 238
2 784
2 942
2 301
1 2446 18796
2 64
1 17757 10601
1 17281 26417
1 18650 6044
1 19496 5338
1 20463 25104
2 3
1 18013 16001
1 938 16958
1 3675 12284
1 10228 28
1 17737 23380
2 217
2 116
2 515
2 274
2 24
1 1088 22617
1 12591 12095
2 135
2 977
2 723
1 25868 31947
1 5572 1786
2 186
2 817
1 16275 19875
1 2404 31533
1 27709 27098
2 82
1 10018 32128
2 312
1 17924 31134
1 172 13055
2 771
2 667
1 7893 4342
2 349
1 10602 5014
1 15451 12526
1 10648 32760
2 683
1 13219 3527
2 513
1 6118 21542
1 24049 13632
1 17071 20235
2 945
2 403
1 28967 18060
2 555
2 872
1 23723 29107
2 1019
1 21697 13957
2 1022
2 201
1 18335 9898
1 29906 25484
2 980
2 551
1 27801 20310
2 1044
2 177
2 290
2 204
2 748
2 848
1 21686 681
1 25744 8376
1 31355 11302
1 14450 16744
2 724
2 31
2 821
1 3752 20827
2 619
2 485
1 6386 18028
2 152
2 810
1 15672 6836
1 22379 16056
1 22434 31576
2 976
2 58
1 26568 19795
1 14893 6320
1 14285 8889
2 127
2 369
1 11273 1639
2 362
2 249
1 5426 5520
1 18206 15993
1 23160 14886
1 9816 13990
2 147
1 12615 12210
1 1556 4486
1 11359 28419
1 6031 14644
1 30823 5979
1 8182 17593
2 827
1 6434 20814
1 4623 4424
1 14917 21834
2 857
1 4046 26796
2 803
1 15865 2110
1 1988 22921
2 504
1 27208 28030
1 7417 4360
1 27055 5857
2 689
1 17254 20822
2 67
1 9117 10946
1 11385 30755
1 16283 17396
2 185
2 1052
1 24450 23087
2 28
1 4240 18966
1 12907 2044
1 6885 16437
1 9778 24999
2 943
1 3311 32352
1 10939 21799
2 318
2 74
1 25557 14417
2 948
1 4189 11177
1 6394 28590
2 1098
2 623
2 320
1 1659 2275
1 2325 6466
2 831
2 329
1 6084 15191
1 9052 28399
2 167
1 24708 6267
1 12467 31271
2 1006
2 137
1 18350 21607
2 913
1 5604 9289
2 824
1 29434 5347
1 30289 9254
1 6058 24591
2 146
1 31715 22781
2 615
2 306
1 20756 12050
1 23159 17386
1 5777 26557
1 21077 13221
1 2368 28624
2 1018
2 446
2 939
1 4294 30942
1 11491 11527
1 31995 7381
1 8449 14256
1 27685 28487
1 25592 861
2 660
2 120
2 633
1 9546 29351
2 227
2 554
1 6674 13414
2 964
1 30911 2529
1 2901 27317
2 879
1 526 4406
1 31807 31042
2 773
2 465
1 30350 4048
1 21640 12334
2 785
1 2521 30267
1 9282 30509
1 10755 17922
1 15385 2475
1 5690 11988
1 13989 13549
2 354
2 321
1 9800 24409
1 18257 15441
2 389
1 10042 21364
1 16028 31495
1 18862 3210
1 16111 18700
2 770
1 15030 6544
2 100
1 27835 18600
2 454
2 306
2 676
1 21852 2979
1 6586 5854
1 23575 30049
1 6317 20944
2 789
2 751
1 11158 7007
1 12213 12202
2 1002
1 17260 3071
2 623
2 428
2 875
2 119
1 14806 1007
1 17714 12267
2 425
2 201
2 773
2 4
2 801
1 18144 27329
2 774
2 276
1 17063 11866
2 881
1 11499 18703
2 1008
1 26459 27859
1 16308 4736
2 67
2 624
1 17665 3108
1 7794 24319
1 22568 22767
1 20541 9502
2 634
1 18990 17725
1 6896 31653
1 12569 27973
2 841
2 1155
2 1067
2 512
2 276
1 6303 11134
1 7666 24978
1 9874 32621
1 11693 29766
2 578
1 2207 6143
1 25780 21484
2 823
1 5827 8608
1 4299 9001
1 26174 2362
1 9768 19506
2 262
1 32215 5469
1 15230 5681
1 23067 23673
1 401 2271
1 8806 4930
1 6488 7632
2 969
2 917
1 24456 1860
2 595
2 415
2 837
1 20873 2240
2 372
2 312
1 23880 22008
2 1092
2 336
1 30047 1254
1 17949 16197
2 965
2 250
1 25298 7732
2 408
1 25963 16545
1 23584 21086
2 836
1 9835 20183
2 469
1 31636 22518
2 146
2 1041
2 896
2 657
2 51
2 1082
1 23334 26038
1 32448 25799
1 14945 3761
1 21905 6308
2 991
2 344
2 56
2 107
2 27
1 11519 4190
2 6
2 303
1 10167 17749
1 31307 8585
2 1169
2 184
1 5928 17809
2 102
2 684
1 7563 28855
1 18296 707
1 8668 8355
1 4123 14800
2 991
1 8701 10823
2 962
2 23
1 9868 11636
2 130
1 11989 28395
1 31343 21236
2 283
2 15
1 22888 24161
1 10482 21958
2 753
2 485
1 7310 28361
1 23198 12785
1 31928 20514
1 14223 4299
1 9502 25528
1 12665 17870
1 27083 27944
1 13435 6532
2 60
2 52
1 5914 14622
2 563
1 16194 5262
1 15539 27952
1 11979 6735
1 22013 8822
1 23573 17811
2 843
1 12106 1634
2 1143
1 12026 9257
2 1076
2 423
2 775
1 7559 15557
2 62
1 29824 13805
1 15113 25721
2 636
1 10642 19259
2 1229
1 25960 23078
2 690
1 32397 16965
2 881
1 17965 21047
1 4750 2094
2 186
2 821
1 19866 23657
2 425
1 11494 11384
2 357
1 3711 11856
1 19832 14828
1 20458 3321
1 24533 16779
2 1025
1 21816 19223
1 29661 13442
1 6966 20706
2 1144
1 1201 9041
2 94
1 32321 22812
2 1074
2 731
1 28388 3048
2 999
2 107
2 969
2 912
1 28052 22658
2 55
2 93
1 1439 10644
2 205
2 1086
1 7688 19707
1 31429 12677
1 30942 22306
2 65
1 9381 9251
1 9655 32386
2 33
1 17762 3518
1 6948 30866
2 764
1 9944 24033
2 875
2 368
1 32462 28161
2 340
2 844
2 1097
2 365
1 18859 19574
1 3967 17708
1 3967 11400
2 998
1 20605 27318
2 1129
1 30074 23047
1 18983 26482
1 30298 31228
1 9586 25818
2 1113
1 13321 27189
1 15546 8650
1 29110 63
1 16626 8291
2 1014
1 6453 16960
1 31727 2659
1 30683 15393
2 1001
2 673
1 12576 12384
1 11341 4844
1 4216 18743
1 30904 23123
2 1168
2 139
1 7435 16654
1 19771 9366
2 97
2 4
2 872
2 981
2 245
1 32539 15329
1 22213 20391
1 27794 16706
1 18292 2394
2 467
1 12302 33
2 985
2 644
2 170
1 26913 13269
1 17658 13710
2 440
1 14853 19048
2 789
2 925
2 885
1 7898 24697
1 153 5228
1 5789 15818
1 26820 25775
1 14512 12917
2 601
1 9385 8273
2 261
2 892
1 30234 24949
1 28445 30180
1 13025 16271
2 956
2 1021
2 800
1 24790 8246
2 602
1 1483 31225
2 614
2 1068
2 1222
1 7442 4057
1 2861 27865
1 14158 11255
1 22182 29345
1 32359 5470
2 916
1 22690 22458
1 10195 8151
2 826
1 11679 25642
2 1008
1 22381 5970
2 669
1 15022 6872
2 757
1 25136 31681
1 25715 26474
2 827
1 31441 15930
1 27217 17791
1 26774 10438
1 13787 7647
1 12766 22558
1 17876 17211
1 11803 19340
2 770
1 27561 24450
2 335
2 1267
1 6747 26871
1 10514 646
1 20627 28357
1 2603 15871
2 1155
2 1307
1 28776 16590
2 714
2 217
1 18781 28360
2 859
1 29707 456
2 905
2 983
2 988
1 13114 20102
1 3333 27836
1 11387 10107
2 1153
2 1218
1 21868 22625
1 7183 8972
2 357
2 545
1 7508 22880
1 15031 23863
2 1168
1 2257 30254
2 979
2 913
2 968
2 734
1 9026 25073
1 12311 29361
1 11669 7689
1 28339 6936
1 5856 8558
1 1061 30977
2 351
2 1278
2 710
2 305
1 27464 24711
1 17305 20270
1 1165 29967
2 1251
2 1066
2 1213
1 25488 4978
1 30994 1415
1 12332 5979
2 840
2 820
1 2288 15421
1 13139 23957
1 10627 2429
1 19258 31831
2 1194
2 1065
1 31849 12887
2 250
1 25740 9616
2 706
2 424
2 999
1 18500 32668
2 1183
1 7259 21717
1 5173 29408
1 23387 7667
2 758
1 4143 30712
1 28559 26055
2 519
2 468
1 2132 4673
1 6284 4205
1 32615 14484
1 15731 21678
1 10105 11464
2 38
2 966
1 3319 31760
1 11398 2878
1 19186 22994
1 6899 28088
2 247
2 944
2 587
1 6147 26315
2 753
1 15737 21545
1 31529 17076
1 18580 8187
2 678
1 13616 21998
1 20626 27762
1 10791 17397
1 21600 27451
2 1072
2 811
2 1267
1 27856 22532
1 8044 17779
1 31456 17168
1 23466 18883
2 254
1 16693 16288
2 1150
2 220
2 455
2 404
1 29681 32176
1 11131 5504
2 956
1 13008 18256
2 355
1 24279 12567
2 652
1 1007 5534
1 24244 13631
1 27219 9372
2 7
2 969
1 6534 23675
1 17088 3643
1 3883 27002
1 2745 5239
2 664
2 713
1 14680 26229
1 29627 11045
1 8471 4179
1 16739 14614
2 187
2 852
1 22561 11618
2 144
1 3354 14322
2 933
2 1053
1 15940 17198
1 4028 24872
1 14355 19550
2 263
2 556
2 1343
1 22262 24291
1 27072 4391
2 259
2 378
2 690
1 22657 23393
2 666
1 852 7680
1 8919 83
2 951
1 15922 19651
2 995
2 1318
2 348
2 841
1 17099 7886
2 871
1 24339 3865
2 71
1 123 9834
2 966
1 1374 30843
1 13831 16284
1 25956 22671
2 127
1 11188 17401
2 726
2 1212
1 7460 16605
2 435
2 857
1 7392 30515
2 783
1 27922 20913
2 450
2 28
1 23618 23633
2 702
1 9458 9650
2 15
1 4536 17373
1 13157 15927
2 21
2 386
1 28628 27898
1 3789 21416
2 153
1 6902 3768
1 11239 12254
1 16155 1180
1 13742 16478
2 1283
2 1
1 27042 6934
2 622
1 32000 16194
1 25003 32225
1 6488 19440
2 627
2 420
1 18158 14205
1 27889 27769
1 13137 11464
1 12094 8285
1 19705 20236
2 699
1 2343 32331
1 18619 596
2 543
2 1211
1 6161 12432
1 24880 119
2 693
1 30542 15245
2 323
1 11242 1296
2 790
2 686
1 1819 10699
1 1341 23491
1 19115 30534
2 336
1 19745 14218
1 32511 25071
2 677
2 662
1 11528 1497
2 1211
1 1166 19077
2 462
1 16409 21908
1 24849 12746
2 1197
1 25167 27999
1 21249 5106
1 7638 28965
1 27061 1405
2 1248
2 87
2 283
1 25653 5985
2 152
2 271
1 11160 1943
1 28638 6649
2 302
2 1251
2 411
2 677
2 481
2 864
2 416
2 178
2 309
1 19142 16770
1 16269 7646
2 648
2 865
1 11108 5671
1 24791 7998
2 820
2 735
1 31883 16797
1 32286 27168
1 15274 20720
1 31763 7201
2 434
2 97
2 12
1 27967 17105
2 644
2 697
2 504
1 16653 25493
2 1424
1 24705 12878
2 330
1 14924 25339
1 24822 18408
2 504
1 28694 2900
2 756
2 780
2 891
1 8031 17313
1 24615 28274
1 3998 17656
1 6587 32374
1 10379 18902
1 7676 19067
1 4290 30295
1 11605 2730
1 23602 5739
2 826
2 1272
1 6365 13781
1 4424 23574
2 901
1 17156 13015
1 20154 14891
1 10070 3346
2 352
2 452
2 901
2 1167
1 6527 3070
1 12216 10205
2 1296
2 274
2 297
1 13946 20985
1 14585 18064
1 20301 27112
2 1324
2 1432
2 753
2 222
1 8247 11152
2 596
1 22350 9457
2 577
2 435
1 4653 5583
2 790
1 14192 4775
2 1105
2 1258
2 177
1 24910 11619
1 15228 28423
1 23526 19300
1 6736 22779
2 633
1 24323 18828
1 8525 6893
2 1179
1 2509 23548
2 733
1 18730 13412
1 16498 18638
1 2216 11418
1 18149 1202
1 9970 8052
2 805
1 20991 3873
2 55
2 455
2 927
2 46
1 30535 9525
2 1412
1 28310 20675
2 719
1 28677 30050
1 8702 17319
1 12884 14505
2 1162
1 30319 27092
1 29986 21381
1 25246 24001
1 30074 32287
2 1087
1 15215 7199
1 28966 15739
2 1479
1 28339 26392
2 515
2 562
2 1079
2 789
1 8017 15084
2 513
1 24977 15494
2 127
1 10141 31726
2 1291
2 1012
1 6794 8780
1 26825 32644
2 435
1 18215 19634
1 3634 1846
2 863
2 1379
1 31150 3313
1 28010 19471
2 263
1 13902 21531
2 331
2 582
2 909
1 5120 8942
2 189
1 31744 25741
2 605
1 30447 29004
2 1273
1 16068 601
2 1410
1 75 30827
1 10860 15792
2 1030
1 22162 11577
2 46
1 22003 11173
1 8251 2861
2 497
1 14520 8132
1 8827 19978
2 245
2 450
1 18250 13298
2 1103
1 20342 24459
2 362
2 87
1 16795 11382
2 755
2 1063
2 394
2 218
1 31080 9300
1 25350 18196
2 1489
2 263
2 690
2 614
2 345
2 1077
2 198
2 430
1 24537 22255
1 9134 5828
1 32660 12885
1 18535 16406
2 1088
1 12402 6689
1 24327 22541
2 328
1 21391 511
2 1529
1 21172 5715
1 4449 20636
2 1465
2 271
1 13561 14408
1 9739 19466
1 7370 10053
1 6305 3820
1 14958 1495
1 24832 24490
1 3391 12306
2 252
1 30315 8833
1 29880 15173
2 488
1 1363 3872
2 1145
1 28438 7784
2 786
1 5796 21552
2 115
2 785
2 280
1 4787 7414
2 933
1 27248 18137
2 808
2 1488
2 920
2 103
1 8564 600
1 18883 32321
1 20661 28839
2 1539
2 330
2 26
1 14049 23940
1 20579 25114
2 335
2 990
2 1214
1 11141 400
2 614
1 15273 10950
2 730
1 28897 9090
1 21902 1741
1 24326 24860
2 1095
1 23840 7804
2 1219
1 12029 29512
2 1038
1 1308 10578
2 1520
2 1245
1 2304 6548
2 313
2 1424
2 1498
1 18714 4129
1 23591 12142
1 4648 30830
1 7573 8378
2 902
2 1222
1 14814 27912
1 18459 4057
2 737
2 1450
1 14321 32237
1 3627 409
2 1273
2 844
1 30138 2078
1 9959 2161
2 1464
2 751
1 27030 12617
1 19943 11038
2 1134
1 17577 32709
2 428
1 13836 21131
2 1414
1 19307 3954
1 16324 21793
2 1170
2 1077
1 25411 15826
1 15102 7833
2 1280
1 7583 26543
1 7729 20599
1 9117 17888
1 30026 23066
1 22190 31232
2 1280
2 340
1 24289 23268
2 1541
2 777
1 17913 10628
1 10061 2086
2 1257
1 1074 28497
2 502
1 2444 14479
2 1286
1 32588 14139
1 13899 11619
1 31930 19390
2 643
1 6850 3382
1 12334 11856
2 20
1 12204 1695
1 2580 17044
1 29875 2016
1 3644 16391
2 1617
1 20999 26858
2 1492
2 1208
2 497
2 1568
1 21707 353
2 279
2 109
1 13872 27302
1 17381 31218
2 523
1 23315 16530
1 28603 12609
1 13997 4239
1 6509 28637
2 908
1 11982 5580
1 26088 3492
2 295
2 646
1 21827 28563
1 26476 14547
2 1022
2 519
2 1409
1 29709 4783
1 31390 3941
2 1242
1 16064 14491
1 4932 11143
2 57
2 978
1 27177 12621
1 7834 8972
1 1922 32370
2 221
1 12015 20349
1 5006 31924
2 80
2 99
1 21323 2502
1 24340 2615
2 737
2 166
2 1609
1 32061 5103
2 712
2 48
2 888
2 1239
1 13599 32108
2 761
1 18064 1195
2 722
2 210
1 5981 17323
2 470
2 115
1 19557 21120
1 30562 18571
1 21019 24729
1 8056 29584
2 762
2 505
1 15371 27480
2 1126
2 325
2 886
1 17993 30888
1 22066 23103
1 9058 27811
2 1026
1 22180 32319
2 1469
1 31662 17493
1 250 12608
2 1191
2 561
2 595
1 26218 13130
2 153
1 26971 450
1 32581 2530
2 84
2 1290
1 21440 13427
2 820
1 15588 20783
1 22298 1527
2 536
1 29636 1733
1 26072 17617
1 31061 13450
1 5222 944
2 267
2 1532
2 341
2 296
1 18074 21153
1 30247 5717
2 1601
1 28946 10113
2 339
1 25419 13297
2 50
1 17778 19297
2 726
1 30545 27291
2 1441
1 5752 6364
2 350
1 32190 26992
2 836
2 1169
2 861
2 1399
2 840
1 10252 26826
1 21706 7878
2 1179
2 775
1 22959 22048
2 1318
2 1007
1 24526 27812
2 871
1 2454 15501
1 13633 31921
2 352
2 965
2 314
2 1513
2 881
1 3903 26046
1 16138 17591
1 1067 16071
1 18866 9859
2 149
2 854
1 15837 23053
1 13227 30458
2 252
2 844
2 709
2 1074
1 15765 4725
1 21273 15884
2 1201
2 1294
2 216
2 496
2 18
2 1482
1 31403 1994
2 669
1 18367 27222
1 6615 1399
2 346
2 568
1 8505 15295
2 1111
1 21138 13644
2 916
2 35
1 29979 11393
1 26289 14543
2 561
2 334
1 13669 27080
2 872
1 24674 28281
1 23500 31401
1 14723 15265
2 1164
2 782
2 1358
1 3855 27185
1 302 24253
2 1559
1 27109 12672
2 270
1 12104 5299
1 9273 25446
1 13335 20061
2 844
2 1222
2 1567
1 8272 842
1 5122 24321
1 9436 6395
1 16927 4032
2 852
2 455
1 1138 24491
1 29569 7699
1 17420 6140
2 381
1 2090 28652
1 19900 24913
1 22203 8722
1 4165 5025
1 24931 18687
1 11714 20851
1 9931 29706
2 1341
1 9189 30597
2 1339
2 297
1 9350 25691
2 301
1 15979 19705
2 227
2 731
1 13422 19561
2 1647
2 796
1 30481 21348
2 1029
2 1350
2 193
1 14560 31429
1 2683 8188
2 1226
2 1229
1 9389 3309
1 9385 6899
2 317
2 1594
2 1666
2 132
1 21421 8815
1 22051 7189
2 25
2 363
2 1632
1 16630 12598
1 26894 14331
2 946
2 100
1 11873 23293
2 29
1 18356 31681
1 17233 10567
1 4603 12443
1 23122 19318
1 23814 16529
2 861
2 1420
2 1421
1 14699 8375
1 11787 7991
1 21065 29676
2 802
1 22190 14417
1 4352 27151
1 23326 18962
2 1390
2 1105
2 1251
1 21201 5464
2 230
2 852
2 726
2 459
2 315
2 87
1 28038 15684
1 4221 9527
1 28009 13919
1 20108 10094
2 1592
1 24494 965
1 26817 4529
1 13038 4852
1 13444 27124
1 4693 27078
1 30209 3516
1 17899 15434
1 28511 30999
1 29942 14166
1 4196 28021
1 10246 15106
2 816
1 392 22915
1 24273 13362
1 7775 9241
2 1428
1 4269 25961
2 1395
1 24836 14092
1 29604 4132
1 3386 9796
1 2054 25280
2 609
2 192
2 1510
2 1376
2 538
1 6991 21409
1 15826 26521
1 26194 31322
1 25201 31234
1 18804 27642
1 15769 4012
1 18953 17607
1 3105 30360
1 17331 19288
2 1739
2 1663
2 1156
1 14873 30843
1 16063 6327
1 7033 4343
1 27320 7587
2 1722
2 24
2 645
1 31236 11944
1 30662 10709
2 760
1 9952 12022
1 14082 30516
1 6733 18188
1 20816 18114
2 1207
1 29225 9300
1 29784 28057
1 29563 2371
2 609
1 4132 26155
1 474 29200
2 33
2 153
1 30140 10156
1 11548 23593
1 4955 11449
1 17431 20932
2 384
2 1463
2 947
2 1387
1 1412 23007
2 711
2 520
2 348
1 20710 7484
1 2314 29790
2 954
1 869 18955
1 2492 11516
1 4434 23680
1 30027 31795
2 1516
2 1043
2 1091
2 1748
2 56
1 5901 7218
1 12719 16805
2 678
2 682
2 1231
2 126
1 27020 31049
1 25733 29445
1 21567 18733
1 4104 25232
2 645
2 705
2 1066
1 8713 26448
1 32186 30871
1 27075 2307
2 876
2 746
1 19285 17282
2 967
2 1432
1 8099 4491
2 1407
2 1323
2 901
1 19339 13344
2 1726
2 613
1 17437 5909
1 25916 24294
1 20342 22048
2 1688
1 247 13849
1 16926 11037
1 31304 22493
2 1614
1 10703 24857
2 834
2 674
2 1715
1 12904 19506
2 197
2 219
1 12486 24718
2 1695
1 15206 14268
1 31066 6978
2 1805
1 7710 23324
1 2708 28267
2 583
2 1059
2 1705
2 1134
2 1694
1 15649 13919
1 2738 27357
2 1808
2 1460
1 7298 20395
2 530
2 88
1 4276 3516
2 379
2 1110
2 68
1 7093 2685
2 1756
2 270
1 3650 24694
2 1755
2 1507
2 220
1 21061 9716
2 1410
1 15483 11551
1 26422 6327
2 1677
1 19755 23206
2 1531
2 1397
2 1000
2 681
2 1315
1 16265 16256
1 11640 24746
2 252
1 1943 22470
2 504
2 1211
2 288
1 22163 22183
2 1279
1 12779 31144
2 1574
2 1708
2 549
2 1121
1 7905 15202
2 1347
2 151
2 1597
2 1278
2 1423
2 598
1 8463 7807
2 1133
2 852
2 746
1 10204 9085
2 1537
1 32518 31028
2 203
2 1694
2 1652
1 20259 27825
1 25942 28790
1 32405 9978
1 26069 919
2 589
2 297
1 23818 30269
1 1353 32387
1 13236 31577
1 17624 1239
1 9048 14893
2 1233
2 570
2 1256
2 1724
1 22729 6209
1 15887 17569
1 26643 14719
2 1182
1 32700 14300
2 333
1 17648 32558
2 831
1 31795 16751
1 8698 24231
1 13161 9434
2 357
2 400
2 1372
2 1112
1 19795 29949
1 11987 1004
1 16307 19854
2 978
2 820
1 25122 16309
1 5743 24229
1 621 23128
2 189
2 1272
2 1167
1 25321 23671
2 1480
2 532
1 11139 7242
1 8190 32257
1 3889 27371
1 30797 5600
1 17908 27014
2 554
2 82
1 15319 20177
1 8155 9665
2 1509
2 814
2 1222
2 1523
1 7215 21447
1 4482 9101
2 859
2 797
1 7210 27447
1 24787 21139
2 31
2 1562
1 10620 3438
2 852
2 1791
2 449
2 476
1 26469 18203
1 28744 8939
1 15742 10283
2 1499
1 11029 1210
2 694
2 443
1 4847 17110
1 27223 23752
2 767
1 9030 4327
1 15003 11013
1 31270 10334
2 16
2 1311
2 776
2 1421
2 246
1 9873 5605
2 1525
2 1403
1 12233 7191
1 989 26238
2 1181
1 31476 10156
2 1870
2 1226
1 12515 11962
2 806
2 1371
1 23771 4719
2 597
2 1258
1 10042 11431
1 26299 32216
2 70
1 24559 15547
2 929
2 380
1 4145 13730
1 9363 29388
2 1034
2 922
1 30088 32048
1 29609 26200
2 649
2 1298
1 30180 18672
1 5858 19717
1 21970 25223
1 24793 14719
2 255
2 1444
1 24412 24846
2 1524
1 16522 21357
1 26562 22428
1 5531 5139
2 1044
1 25997 1353
1 3991 5250
2 1354
1 3755 30620
1 31041 4520
1 32107 23186
2 1577
1 19269 22050
1 18245 8741
2 1299
2 837
1 16081 5941
1 20989 24266
2 1537
2 139
2 710
1 29588 17105
2 739
2 1714
1 7247 16393
1 31461 2203
2 627
2 524
2 620
1 31884 29282
1 9562 13831
2 906
2 689
2 1788
1 15160 4484
1 20093 18300
2 1345
2 602
2 1080
1 3616 27471
1 22344 5902
1 12998 15912
2 1220
1 19683 8197
2 1193
2 196
2 512
2 652
2 78
1 19165 31162
2 1337
1 6626 24594
1 27819 15081
1 259 76
1 15920 21997
1 10489 11944
1 19150 27980
2 1754
1 2187 29544
1 29165 19892
2 1654
1 4236 32468
2 656
1 28437 8833
1 21571 32427
1 26108 20780
1 15527 9918
2 1427
2 1454
2 1116
1 1709 11113
1 10603 21079
2 1034
1 10231 12408
1 18289 10221
2 1938
2 589
1 28834 28158
2 3
1 10069 29177
1 17121 27798
1 26442 5566
2 1428
1 26760 27500
2 544
2 347
2 897
2 1897
2 1301
2 1517
1 7147 17448
2 1498
2 1686
1 15128 4773
1 11990 6885
2 1571
1 27233 9790
1 14495 2920
2 1444
1 7388 29939
2 1112
2 21
1 15710 15692
2 611
1 2245 24908
1 22016 19090
1 4222 17696
1 5487 7821
2 918
1 12288 9315
2 99
1 2139 10817
1 9629 4734
1 15020 21895
2 175
1 3387 16122
1 22892 8915
2 1612
2 1296
2 914
2 422
2 1949
1 16215 19659
2 526
1 618 27941
1 29797 27717
1 16875 10933
1 14297 17999
1 8229 14741
1 1085 10176
2 366
1 3298 14480
1 20198 24629
2 238
2 1788
1 11933 22903
2 1557
1 28759 7444
1 8077 7895
2 1570
1 10170 31406
2 973
2 1289
1 19499 18179
1 1842 26827
1 23910 8288
2 532
1 27095 19329
1 21533 9127
2 1892
1 8245 32485
1 17252 28720
2 1756
2 967
1 6970 15995
2 1577
1 3284 2904
1 22841 20702
1 3476 3302
2 1815
1 4693 856
1 2665 3639
1 12566 4917
1 14336 18155
1 27014 19529
1 14130 1415
2 818
1 18771 30721
2 29
1 16440 10232
2 571
2 111
1 13995 29678
2 682
1 9986 9075
2 132
2 261
1 12093 5617
1 24496 16187
1 18635 31181
2 394
1 12457 8885
1 32158 13149
1 27296 24920
2 1787
1 8859 13750
2 405
2 112
2 1094
2 335
1 16333 6879
2 1051
2 1238
1 20131 4902
1 12959 15259
2 64
1 28371 24703
1 593 20185
1 15202 28983
1 14511 22673
2 1441
1 11316 26363
2 105
2 182
1 13097 4646
2 515
2 273
1 29930 2262
2 1861
1 7361 30277
1 25838 11374
2 1956
1 18015 22051
1 18893 8286
1 26162 9373
1 24600 24194
1 24624 8152
1 32583 8921
2 363
1 5274 31890
2 355
1 24421 18369
2 1002
1 9905 15615
1 13839 29484
1 21501 26923
1 5018 3984
2 1282
1 19282 10902
2 417
2 702
2 718
1 14135 23459
1 21483 2863
2 937
2 143
2 1998
1 13296 8445
2 2034
1 26880 15118
1 15348 528
2 1057
1 27738 23711
1 20482 19639
2 541
1 6171 1376
2 1578
1 5436 5205
1 21752 27624
1 332 21945
2 1635
1 1065 3750
2 1899
2 1692
1 19546 19847
2 1675
1 1879 25783
1 19609 22548
2 33
1 12972 25369
2 1533
1 5765 1066
2 53
2 334
2 507
2 1646
2 1159
1 22378 23658
1 25488 29929
1 31273 5076
2 569
1 22806 23451
1 14967 32723
2 1413
2 1330
1 10136 8087
1 13485 22828
2 431
2 1937
2 1556
2 1290
1 8860 13306
1 43 7584
2 730
2 1460
2 1416
1 26349 27611
2 411
2 262
2 280
1 11804 31350
2 1005
2 1098
2 1215
2 441
1 14261 455
1 15494 22117
2 1964
1 4113 24720
2 1078
2 1362
2 480
2 1389
1 1193 11059
2 1471
1 536 28462
1 3747 11046
2 943
1 2787 28919
1 5729 9833
1 18374 467
2 930
2 567
2 162
1 23041 21595
2 651
2 996
1 15253 18773
1 21067 31652
1 23490 17146
2 747
2 1661
1 14565 2550
1 9739 21327
2 1003
2 1598
2 940
1 13057 22246
2 1468
1 28753 32123
1 24601 32417
2 1021
1 13827 18678
2 220
2 1619
1 4921 4434
2 1366
1 958 28987
1 8343 15697
2 289
2 1058
2 214
2 1583
1 6739 2322
2 1688
2 185
1 13390 21272
2 760
1 24773 18599
1 21807 11104
2 816
2 1478
2 1918
2 1787
2 534
2 227
1 17714 24031
2 612
1 26599 7162
1 12425 22147
2 863
1 25073 16657
1 12893 32756
1 32720 17024
2 1747
1 12247 32421
1 19920 3351
1 4789 21091
2 1195
1 9091 17092
2 2086
1 32735 3683
2 298
1 32196 16161
2 747
1 10360 29092
1 24000 17204
1 3826 10147
1 223 28829
1 15456 304
1 11201 20636
2 710
2 1661
2 1319
1 31678 6409
2 1093
2 1539
1 23385 15891
1 22132 5692
1 2941 7376
1 12246 19675
1 16354 28471
2 1688
2 250
1 13190 32374
1 5920 29920
1 9596 29058
1 24737 26139
1 15324 26256
2 1932
2 734
2 1395
2 84
1 27675 23177
2 528
2 1619
1 22986 9473
2 838
1 12364 19589
1 16920 967
2 403
1 3600 5446
1 28358 29636
2 430
1 22623 1514
2 1071
2 329
2 1234
2 1550
2 355
1 17430 5071
2 1412
2 300
1 31344 8026
1 28464 8318
1 1865 23536
2 880
2 1540
2 624
2 1084
1 7026 24885
1 26873 927
1 30676 30245
2 1819
1 16135 19862
1 24332 10066
2 1062
1 498 16171
2 774
1 4128 20374
2 385
1 22846 19052
1 13475 28570
2 2070
1 30256 12321
2 1974
2 181
2 1068
1 30452 7016
1 11419 27725
1 31805 12451
2 948
1 24319 26845
1 4257 12033
1 13678 28612
1 26198 12910
2 362
1 30929 9584
2 896
1 2255 9725
1 11886 12508
1 26223 14214
1 28662 7501
2 1180
1 28181 25366
1 8987 9654
1 31969 14169
2 1382
1 15682 3555
2 254
1 24801 10320
2 863
1 3429 10890
2 410
1 8452 27472
1 1336 14713
1 684 2448
2 1885
1 32261 30610
1 13852 7118
1 27929 29856
2 431
1 20160 28433
1 1485 18347
2 1055
1 7507 668
1 14909 18921
1 29376 1865
1 11202 8613
1 23681 10515
1 15936 18724
2 1613
1 10556 15449
1 27409 25367
2 1304
2 896
2 693
1 19413 9879
1 20569 3716
1 19467 29408
2 835
2 1760
2 1026
2 818
2 1675
1 22890 16504
2 1711
2 1815
1 28505 16792
2 372
1 18450 8856
2 1083
1 9211 4345
2 2061
1 9549 14300
1 22360 1640
2 1655
2 1710
2 807
2 1414
2 688
1 21271 17568
2 1280
2 2175
2 2116
1 18685 6704
1 6462 11277
1 32171 2409
2 1574
1 333 18639
2 641
1 31833 7579
1 3672 27194
2 1364
2 1373
2 1513
2 1467
2 393
2 735
1 13920 1897
1 16740 16470
1 23130 29986
1 11662 31578
1 27889 29072
1 12179 12834
2 440
1 23954 13722
1 7495 22194
1 24753 12862
1 8420 6697
1 32188 29193
2 874
2 2016
1 2896 14961
1 27782 9855
2 429
1 9208 15492
2 1506
2 1657
2 1150
2 1723
2 300
2 718
2 1942
2 200
1 21468 26525
1 11394 13633
1 30407 29734
1 3489 18572
2 1510
1 20868 10806
2 2081
1 11301 24124
1 11695 26189
2 314
2 1776
2 1403
1 1309 21166
1 198 18403
1 20035 6024
2 959
2 728
2 1482
2 886
1 5616 29094
1 32756 11305
2 344
2 1048
2 316
2 2105
2 281
2 2152
2 2033
2 686
2 452
2 177
2 765
1 10393 21040
1 9585 31362
2 1830
1 27909 19123
2 1240
1 3217 21219
2 1095
1 4388 9737
2 1734
2 1617
2 1177
1 8765 15489
2 1057
2 1797
1 23601 23575
2 1397
2 1521
2 299
1 12390 4021
2 1353
2 544
1 30563 10610
2 547
2 1041
1 18005 25706
2 1984
2 1028
1 4115 3724
1 11004 2996
1 32693 7870
1 4446 16888
1 23259 17816
2 1041
2 983
2 2083
1 32510 14461
1 9275 16033
2 950
1 26017 26910
1 8508 27489
1 3085 26068
1 11370 27704
1 1634 22209
2 1469
2 1157
1 26142 6606
1 18553 20438
2 1577
2 148
2 1390
1 29988 22374
2 1597
2 110
1 4654 7001
1 29956 27088
2 798
1 30205 4121
1 25289 27791
1 1627 1205
2 147
2 1737
2 685
2 1207
1 11675 11636
1 6176 3888
1 12555 7111
1 30318 17691
1 9366 23517
1 4736 23597
2 588
2 1289
2 1451
1 22364 24473
2 323
2 933
1 10776 11182
2 631
2 1211
2 1662
2 39
2 859
1 19635 15739
1 14704 25736
2 646
1 26181 3336
2 1048
2 1095
2 1605
2 1523
1 5628 19351
2 1821
2 778
2 1474
1 6831 18317
2 2103
2 810
1 30067 23282
2 40
1 31311 15260
2 81
2 244
2 1442
1 4816 20132
1 23033 15816
1 21581 28905
2 281
1 22710 14980
1 1266 7177
2 1933
1 12613 21809
1 17801 276
1 26394 11518
2 316
2 1133
2 691
1 29220 11914
2 1287
1 1414 23125
2 431
2 1614
1 29468 12632
2 235
2 189
1 19858 20299
2 1544
1 28573 30976
1 5916 12965
2 1053
2 401
2 523
2 1610
1 1314 22551
2 198
1 8766 26775
2 1688
2 983
1 25583 22802
1 28114 19468
2 2036
2 255
1 26892 28359
2 1599
1 20338 22313
1 8779 28957
2 2107
1 30 3622
2 2003
1 24336 5757
2 1927
1 3183 20579
2 2192
1 768 31615
2 1940
1 31858 11325
1 15651 4992
1 11702 3676
2 1417
1 2164 18286
2 1199
2 109
2 1165
2 2084
1 13148 26767
1 13298 23631
2 2057
1 19308 1314
2 133
1 6732 14035
1 1291 8987
1 6618 22054
2 1522
1 20289 23801
1 25786 2072
2 525
1 9130 9308
1 27719 6038
2 1544
1 5876 15499
2 214
2 849
2 1771
2 874
2 1304
1 11941 23827
2 662
2 1911
1 24342 1208
2 1441
2 1436
1 13226 580
2 2046
2 1546
1 20591 7871
1 20686 14504
2 1943
2 1030
2 1462
1 10818 18904
2 817
1 177 14659
2 1732
1 9605 6773
2 2231
2 2054
1 23722 3741
1 31684 12394
2 1157
1 2929 12514
2 1116
2 1685
2 655
1 15017 11256
2 1518
1 24646 24365
1 2978 30865
1 13623 9203
2 2092
2 8
2 639
2 433
2 1919
1 18260 30705
2 2164
2 1566
2 1465
1 13140 2183
2 2004
1 13597 10533
2 133
1 3121 15364
1 18504 18863
1 10224 25706
1 4120 891
2 982
2 1123
1 16576 25262
2 1891
2 1759
1 25985 23441
1 1103 25280
1 19363 8818
2 1517
1 17454 30358
2 1921
2 1742
1 32500 9846
1 9460 8219
1 30908 4697
2 504
1 7183 23323
1 2894 23476
2 368
1 27143 1922
2 1500
1 18781 23699
1 1921 18416
1 11932 17600
1 11971 14754
2 1353
1 24475 27483
2 1424
1 9928 25497
2 1500
1 10254 25466
2 1199
2 112
2 1761
2 693
2 1348
2 1411
2 959
2 1142
1 26631 23234
2 171
1 12662 28208
2 90
1 28750 12074
1 20047 2781
1 8704 19357
2 1651
1 27916 1771
2 1436
1 6171 20860
1 26006 4576
1 14107 19847
1 22002 19309
2 557
1 22452 1880
1 1871 29972
2 2188
1 26165 3298
2 840
1 28549 1366
1 4596 22836
1 1793 32032
2 2358
2 1359
1 2253 20116
2 1714
2 2048
1 11550 10167
2 2348
1 28551 14062
1 1064 14618
2 1209
2 1175
2 728
2 1410
1 21404 30456
2 1594
2 1808
2 651
1 16783 19459
2 421
2 1360
2 253
1 5183 12508
1 30244 7831
2 622
1 8239 18338
1 2525 14897
2 1186
1 2973 25786
2 1930
1 19684 9219
1 1794 5841
1 5418 28000
2 77
2 1680
2 1247
2 1769
2 1088
2 1523
1 12034 23897
2 365
2 1252
1 21243 28137
1 20520 26387
2 282
2 2087
2 2054
2 234
1 12508 1355
1 25849 380
2 1064
2 1676
1 32132 23537
1 14798 25012
1 25874 12680
1 28195 27415
1 19290 2955
2 337
2 1318
2 1813
1 29368 17715
2 2364
2 431
1 27184 32679
2 2104
1 21139 10102
2 1195
2 137
1 12892 31816
2 1280
1 20420 23532
2 44
1 16403 20362
1 28777 29399
1 6025 9873
2 1797
1 6891 574
2 395
2 2155
2 629
1 8630 16067
2 1
2 926
1 26827 4632
1 11185 12108
1 22012 3206
1 10734 26052
2 1844
1 16536 22763
1 30763 29906
2 1498
2 1921
1 2555 31292
2 677
1 32370 30796
1 8363 16999
1 2649 25230
1 15191 11824
2 520
1 16491 26671
2 1405
1 17477 31998
2 1847
1 11704 14936
1 13178 14758
1 21365 13342
2 520
1 32205 30048
2 199
2 2396
2 1472
2 1848
2 620
2 1353
1 28863 6315
2 1654
2 1618
1 18105 30361
2 101
1 19375 28287
1 15738 17865
2 734
2 1924
2 85
1 16210 30089
2 2102
1 9377 11363
1 5495 1477
2 233
1 8117 31736
2 662
2 381
1 12603 30000
1 2192 31450
1 24430 13682
2 774
2 2223
2 1611
1 28019 8033
2 596
1 13741 4384
1 32256 13070
2 944
2 2378
1 15901 10162
1 30598 1569
1 32665 28410
1 5639 26123
2 1999
1 5465 31766
2 1208
2 2373
2 2073
1 23991 20457
2 29
1 25560 24187
1 93 9856
1 16487 15905
1 24033 9007
2 2427
2 698
2 353
2 1751
1 19940 19890
1 26458 27945
2 264
1 2996 22276
2 2197
1 32691 18449
2 1625
2 873
1 30468 21547
2 758
1 8604 12005
2 249
1 7058 12349
1 3551 16083
1 29904 3240
2 1948
2 1297
1 11753 6956
2 1309
1 19510 3850
1 16620 312
2 1991
1 9904 22954
2 2264
2 1188
2 1581
1 7509 1857
2 103
1 30739 18481
1 9586 10621
2 1518
2 392
1 19022 21466
2 2037
1 7440 25960
1 12401 16115
2 1582
2 2302
2 1238
1 19511 1270
2 1868
2 588
1 31683 16505
1 1343 32051
2 262
1 19474 29234
2 1011
2 552
1 3261 29916
2 2010
2 1109
1 20623 15924
1 9516 27066
2 1314
2 722
2 643
2 1106
1 27174 3749
2 1123
1 15322 27976
2 924
1 17338 3111
1 3771 240
1 11073 29316
1 21758 27031
1 21 14044
1 20684 11011
2 458
2 344
2 2166
2 1534
1 7609 9494
1 24392 22730
1 5778 577
1 15550 7487
1 3787 21389
2 1602
2 1607
2 1606
1 12235 5115
1 3450 19660
2 1610
2 780
1 26739 17030
1 20890 13228
1 27887 22782
1 30371 17712
1 22307 22119
2 63
1 24622 7954
2 431
1 8563 8828
1 17139 1676
1 26788 24407
1 4420 17695
1 6545 3948
1 25373 25486
1 1294 3666
2 627
1 24296 13359
1 18800 18488
2 1322
1 26316 27402
1 19234 18634
2 1046
2 715
2 1979
1 21565 9738
1 19491 32294
2 1327
1 10185 18805
2 1853
2 2068
2 419
2 265
2 2164
2 1332
2 1663
2 692
1 9011 20469
1 3832 12168
2 2150
2 2350
2 1536
1 4301 28762
2 613
1 32668 2634
2 1414
2 293
2 2033
2 1325
2 650
2 1858
1 8285 24131
2 977
2 1254
1 21879 22283
2 1421
2 2397
2 2290
1 9513 2773
2 1457
2 481
2 2465
1 17770 476
2 1090
1 4014 5681
2 2043
1 21293 26
2 1908
2 1489
1 28549 21744
2 605
1 5333 20204
2 773
1 29849 7462
2 2245
1 5066 14627
1 7658 6382
2 245
1 26663 25345
1 4109 23820
1 14285 11544
1 30199 16674
1 21871 17548
2 923
2 1683
2 179
1 17793 5151
2 1774
1 1354 15350
1 16837 3060
1 9423 32329
1 28419 2595
1 9902 4610
2 873
2 1096
2 1957
2 205
1 12444 7114
1 24943 17631
1 4256 13415
2 1871
1 26139 22749
2 1321
2 694
1 13049 16891
1 17768 25188
2 1701
1 16861 26324
1 25977 27108
2 1240
1 9755 20865
2 893
1 26454 25766
1 9382 26758
1 767 8082
1 22718 18813
1 29606 10581
2 1204
1 19961 16383
2 61
2 1320
2 1710
1 12633 12960
2 1087
1 23741 16416
1 4214 13508
2 774
2 383
2 1254
2 1779
2 2070
1 3871 24201
1 30805 28173
1 16300 15330
1 8757 13032
2 717
2 1265
1 27852 1181
1 21500 5785
1 30293 20228
2 910
2 849
2 1876
1 8447 8933
1 12142 8350
1 4283 24116
2 2111
1 13534 13652
2 866
1 16783 17431
1 28111 31601
2 608
1 186 6327
2 2099
2 936
1 32693 22999
2 1046
1 18240 2883
2 1560
2 103
2 137
1 21290 376
1 17150 13042
2 1606
2 1536
2 223
1 17049 18562
1 23054 22795
1 19268 30855
1 13900 30024
1 26984 22928
1 19084 24363
1 30870 8893
2 854
2 601
1 19005 20440
1 30447 20835
1 16113 452
2 157
1 23141 12432
2 2100
1 10556 23998
2 405
2 794
2 2329
2 828
2 2353
1 15625 25758
2 708
1 5266 5957
2 1805
2 162
2 103
1 14516 5770
2 202
1 841 17728
1 15937 25232
2 1393
1 7740 18378
1 32373 27814
2 216
2 1239
2 718
1 19695 4146
1 11757 12261
1 4996 29648
2 2277
1 9655 29066
1 11856 17990
1 9064 19823
1 28153 16257
2 2055
1 8879 15953
2 1663
1 12851 17662
2 1416
2 2171
2 1616
1 9079 25350
1 7760 1564
1 3003 18901
2 1283
1 27767 30448
2 2039
1 25400 8077
1 27290 4859
1 8896 30642
1 32701 12586
2 1265
2 963
1 28347 29849
1 31551 2369
1 22163 22245
2 387
1 26714 23625
2 2220
1 28619 59
2 140
1 15831 2276
2 904
2 985
1 18771 19202
2 2492
2 2279
1 18016 790
1 31737 3121
2 1974
2 2081
2 1934
1 31686 6428
1 18383 18802
1 15068 1139
1 11542 28356
1 19205 7791
1 23956 22256
2 2337
1 12730 6210
1 5395 27648
1 27810 7009
2 2213
1 25801 30053
2 1314
1 7127 21926
1 2424 31496
1 17319 17580
1 21772 1256
1 7428 30880
1 29038 25040
1 3228 8458
1 22308 24264
1 27415 31694
2 1052
1 805 15759
2 2587
2 597
2 990
2 700
1 9649 24405
2 1548
2 876
1 15169 9258
2 1025
1 4030 23300
1 16637 14345
1 19182 11956
2 735
2 2434
2 2315
2 2017
2 654
1 20764 5764
2 923
2 276
2 10
2 1945
2 384
2 1001
1 13803 29454
2 1346
2 1877
1 5326 24874
1 4 22720
1 18597 30028
2 1308
2 2170
2 35
1 18209 2690
1 26494 14998
1 32261 14457
2 970
2 45
1 10230 30234
2 2521
2 1279
1 20931 30165
1 11514 19688
2 166
1 32714 27035
2 2525
2 753
1 14136 10808
2 2525
1 27932 25249
2 935
1 24564 2156
1 8918 13294
2 492
2 104
2 2255
2 400
2 917
1 23975 3713
1 6971 23880
1 21050 31533
2 630
2 829
2 677
2 672
1 3301 528
1 29325 9542
1 12281 13314
2 1560
1 30336 21939
1 12615 25873
1 4811 24545
1 19772 15821
1 28389 14869
2 927
1 28566 31694
2 30
2 365
2 608
2 1277
2 1644
2 1083
2 228
1 16780 11472
2 582
2 1178
1 5167 27903
2 1530
2 129
2 503
2 361
1 9282 28102
2 1269
2 1952
2 950
2 1689
1 19052 31109
2 1136
2 1843
2 868
1 25273 11277
1 11552 380
1 129 26592
2 1421
2 628
2 1375
2 1011
2 710
2 1217
2 237
2 1551
1 24113 20163
2 2524
2 633
2 875
2 369
2 415
2 2432
1 17273 17980
2 90
1 29114 13772
1 15608 18804
2 1930
2 2603
2 150
2 2382
2 1873
1 4053 11526
1 2913 16275
2 1576
1 16471 8009
1 17951 12510
1 9823 11494
2 1252
1 22507 14018
2 622
1 31140 31952
2 1340
1 22303 1333
1 22075 12410
1 27936 27858
2 2627
1 16452 4672
1 2430 13571
1 6056 17821
1 26137 17111
2 1433
2 1656
2 2473
1 4169 14618
1 28086 5704
1 17754 14961
1 29446 17689
2 1765
2 1436
1 19250 8875
2 626
2 1983
1 523 27406
1 16493 16400
2 1803
2 237
2 2289
2 2470
2 2
1 25160 8828
1 58 11899
2 2599
1 8460 1770
1 15205 4103
2 752
2 471
1 12308 20838
1 14757 28613
2 547
1 11831 10733
1 7519 31108
2 1982
1 5351 26849
2 229
2 479
1 5070 27771
1 604 21201
2 1657
2 2475
1 9068 23363
1 2544 2806
2 960
1 3366 23761
2 510
2 61
1 32691 12146
1 20301 22793
1 24094 5247
2 1413
2 730
1 21943 20221
1 19716 18793
1 12677 2489
1 13751 8310
1 20973 13431
1 29055 31535
2 413
2 494
1 22846 19310
2 865
1 16744 24308
2 1297
1 566 26675
2 2074
1 30684 3206
1 24911 14353
2 511
1 16036 14996
1 2226 12696
1 15366 8084
2 959
2 2265
2 630
1 10099 11173
2 2020
2 453
1 9697 7965
1 29306 14587
2 2335
1 9356 24545
2 919
1 22293 18850
1 13406 31797
2 1991
1 27724 20435
2 262
2 150
2 489
1 10277 1612
1 23035 6092
2 2301
2 19
1 22986 18566
1 11264 7249
1 9683 22313
1 2314 32438
1 779 26599
2 1484
1 17830 18235
2 2571
2 781
1 26089 28354
2 717
1 16969 26395
2 1176
1 28981 23455
1 23095 10542
2 1090
2 2262
2 971
1 7129 5391
2 312
1 22738 30363
1 17357 32186
1 10763 4002
2 811
1 24973 30130
1 1945 13493
2 1068
1 32747 17798
1 7163 8962
1 18742 23387
1 31312 8959
1 10362 23629
2 361
1 5273 13986
2 1508
1 19780 20645
2 567
1 5469 20274
2 2511
2 1954
1 17350 23438
2 1602
2 891
2 1395
2 1913
2 2707
2 1996
1 20523 29614
2 1264
2 446
1 21180 29906
1 29617 20884
2 785
1 14478 19979
1 31063 17450
2 2079
2 1719
1 18995 25038
2 2001
1 7438 16188
1 2176 11489
1 3674 15129
2 1307
1 12355 30525
2 147
2 1515
2 2468
2 405
2 2481
2 953
2 1758
2 1953
2 1566
1 12187 451
1 27317 12355
2 74
1 28562 18135
2 1383
1 24673 300
1 10999 5255
2 2702
2 1169
2 1689
2 1011
2 2283
2 295
2 1555
2 2261
1 397 5082
1 22052 29716
2 1949
2 681
2 1695
2 1886
2 2531
2 1939
1 7461 22935
2 303
1 381 6235
1 26450 11627
2 980
1 17709 21793
1 26515 6240
2 388
1 31025 3266
1 18152 13898
2 2489
1 20080 19057
1 16981 3154
1 13727 23258
2 1253
2 1692
1 29293 23873
1 26052 23958
1 23710 1799
2 2499
2 1596
2 2595
2 741
1 16263 623
1 20902 14204
2 2341
1 29365 23598
2 981
1 21660 29918
2 1147
1 19240 18738
2 181
2 974
1 10265 24815
2 2268
1 11639 197
1 1586 2821
1 24176 25932
1 13126 2402
1 27456 30741
1 7847 26730
1 10964 19498
2 1736
1 14838 32042
1 20110 26988
1 10608 18717
1 18189 27800
2 1477
1 6761 1614
2 1651
1 9221 17930
1 7986 22785
2 2461
2 1340
1 15988 22141
1 25491 1078
1 15373 6014
1 6555 21277
1 17018 31544
2 222
2 1141
1 6496 13306
1 2254 7779
1 6743 25315
2 1753
1 13273 17663
2 677
1 4444 29768
1 13747 23959
1 6483 14084
1 22726 9295
1 31068 7515
1 9723 12968
2 629
1 11201 14180
2 1967
2 2365
2 1989
1 23378 15938
1 11769 24362
2 1165
1 22361 2476
1 25474 16887
2 1020
2 631
1 31534 29850
1 31600 25605
1 8496 10958
2 658
2 883
2 1221
2 127
2 2440
1 21890 24354
1 19109 25067
1 14459 32276
2 2616
1 5558 2638
2 862
2 2252
2 735
2 683
1 3359 24489
2 1913
1 7681 449
2 1387
2 755
1 8810 4709
1 21538 7640
2 210
2 201
2 2346
2 2503
2 2233
1 1686 2235
2 1375
2 1612
1 10762 28914
1 11881 20442
1 27927 852
1 22097 18299
1 30441 30676
2 1082
2 1356
1 32412 28363
2 233
1 19791 7809
2 237
1 9985 16104
1 16237 20018
1 274 17089
1 18661 21966
1 19657 29216
1 27952 9061
2 1658
2 761
2 854
2 2497
2 260
2 2019
2 710
2 134
1 12944 5583
2 218
1 3590 26944
1 19864 26273
2 695
2 466
1 9377 27448
2 106
1 26832 31010
1 22578 27751
1 24524 5212
2 562
1 12330 21802
2 1425
1 28248 17874
1 24146 15807
2 2630
1 1254 13349
2 1854
1 3511 32488
2 2669
2 2385
1 14008 28193
2 317
1 27567 31422
1 12358 25248
2 2278
1 30610 31683
2 1046
2 2646
2 1047
2 1287
1 14088 5711
1 8443 10788
2 516
2 2156
2 851
1 30156 13708
1 57 13529
2 914
1 24809 25460
2 242
1 13813 26222
1 21915 4423
1 26846 6151
1 13009 16093
1 26034 12683
1 5125 10890
1 12798 4763
2 783
1 4436 20478
2 2807
2 655
2 831
2 2121
1 10085 28177
2 1659
1 9871 31899
1 4756 32064
1 19567 7639
2 651
1 21611 18649
2 1819
1 30944 3318
2 560
2 2552
2 2713
2 1011
1 32577 21045
1 3136 24623
2 882
2 703
1 6910 3597
2 687
2 2024
1 21003 24921
2 1721
1 1539 15611
1 5326 15621
2 830
2 1165
2 1978
2 2763
2 378
2 1887
2 927
1 29937 16213
2 1718
1 32314 13533
2 1360
2 1369
2 2370
1 8045 24296
1 17573 31005
1 14662 16662
1 20899 8789
2 1355
1 15711 22944
1 4908 18321
1 6764 368
2 963
2 423
2 577
2 1930
1 6651 30732
2 1167
1 1437 1975
2 1193
2 683
2 751
2 1049
2 2458
1 32506 17419
1 17291 32752
1 27439 13735
1 966 11124
2 1221
2 3
1 2279 30276
2 1391
2 2836
1 24258 11496
1 6645 27785
2 196
1 18213 30027
2 2395
1 15888 20068
1 13514 1507
1 13707 24449
2 384
1 6593 13357
2 379
2 2741
1 24550 15041
2 383
1 7597 15268
2 73
1 26652 7272
2 1098
1 10880 25830
1 4384 30269
1 29116 11220
1 19356 16516
1 18590 297
1 5952 463
2 2638
2 989
2 2434
2 1023
2 371
1 24297 17471
2 2554
1 5515 17574
1 11446 22271
1 18432 12283
2 2358
1 28611 25899
2 2625
2 1113
2 1541
2 2842
1 32059 18670
2 2189
1 14596 30201
2 1858
1 4302 5544
2 1168
1 942 31203
1 6637 18447
2 2353
1 4795 12395
1 27684 3242
1 27247 3830
1 2018 22973
2 1003
2 2820
1 4006 13359
2 499
1 20697 27361
2 2225
2 1057
1 15683 8480
2 1273
1 10703 21177
2 982
1 4867 4867
2 2838
1 1221 29232
2 2036
2 173
1 14687 30260
2 351
1 26871 28313
1 26352 12904
1 30099 28974
1 20764 19039
2 346
2 1562
1 12907 7064
1 19002 22110
1 7875 8875
2 1441
2 1407
1 25994 2609
1 30600 12281
1 24534 5095
1 17713 18477
1 29165 26606
1 1423 3737
2 413
1 16710 675
1 159 27853
1 29663 11497
1 27219 23865
2 951
2 766
1 8601 22098
2 528
1 18490 24521
1 3379 4801
1 23017 3443
2 1353
1 28227 32105
2 2716
1 1967 24132
2 1837
2 1134
1 9628 25007
1 23294 21127
2 901
1 2441 19580
2 532
1 32170 28406
1 23504 18636
2 608
1 7331 32479
2 2567
1 9853 3196
1 4035 10433
2 1126
1 14661 30392
1 9001 15891
2 1352
2 1538
1 22334 11985
1 29023 29735
1 402 1184
2 35
2 2122
2 442
1 1886 30420
1 9312 15933
1 5247 8023
1 11469 16538
2 1504
1 11239 23958
1 31252 14687
2 1971
1 17219 32672
1 29460 28061
1 25360 5662
1 25830 32202
2 1901
1 3559 20065
1 30105 13336
1 9565 22842
1 12020 9593
1 976 29436
1 19642 25499
1 24683 19362
2 1044
2 2570
2 530
1 29819 6428
2 1001
1 2370 9157
2 2635
1 12898 9629
1 16449 29778
1 2813 30181
1 31878 904
1 105 30924
1 27019 31070
1 14673 20636
2 1745
1 1004 32091
2 2144
1 28634 17114
1 30856 29759
2 607
2 2169
1 18349 26873
1 17089 5686
2 1011
1 22041 11243
2 1490
1 30136 14729
1 11085 14365
1 10670 23749
1 20682 19415
1 18245 2278
1 13076 11993
2 1223
1 22793 16084
1 24197 18997
2 2779
1 15215 21469
1 7819 9845
2 2691
2 2093
1 24692 13626
1 19029 31073
2 325
2 603
1 3613 26166
1 23098 31825
2 347
2 2518
2 2525
1 11842 370
2 949
1 20343 14247
2 677
2 165
2 550
2 446
2 523
2 110
2 2823
2 243
1 6995 22438
1 12190 8291
2 2896
1 28810 16799
2 823
2 1464
1 13669 19615
1 17316 29399
2 52
1 20870 30355
2 2736
2 346
2 843
1 3297 18657
2 992
2 2486
2 1881
1 1410 32239
2 46
1 10996 27063
1 6160 3973
1 11480 2831
2 1605
1 22130 30090
2 2630
1 30056 23992
2 1567
2 901
2 1921
2 2459
1 2831 22043
1 30190 22549
1 12668 21855
1 21605 11674
2 1091
2 834
2 1170
2 1461
2 1465
1 29156 21286
1 21110 21400
2 1704
2 2426
2 1484
1 27712 16807
1 30025 11992
1 13693 14218
2 1839
2 2602
1 15525 10385
2 1606
1 14075 10501
1 24338 28988
1 334 25409
2 2719
2 66
2 129
1 16943 8421
1 16541 6171
2 508
1 8928 22847
2 348
1 3555 15485
1 19143 29764
1 29571 27939
1 12445 18083
1 16371 19698
1 22478 4815
1 6988 19813
1 12091 11034
2 2624
2 2770
2 1277
1 7430 25535
1 31567 12564
2 1073
2 59
2 1824
1 9829 28273
1 14246 2993
1 30012 10143
1 14938 5308
2 1048
2 503
1 24384 15256
2 50
1 14602 31520
1 21111 17653
1 29996 7697
2 2900
2 2214
2 1625
1 23860 21179
2 2026
1 972 23167
2 2040
1 20776 12367
1 24242 32578
1 30255 24324
1 5257 25785
1 31318 12805
1 23051 18879
2 761
1 5010 28419
1 28179 30280
2 1042
1 22312 4016
1 26107 4354
1 29776 20618
1 24755 965
2 2790
1 11905 4340
1 13953 26311
1 15385 18902
2 1528
2 2211
2 2695
1 23801 18102
1 14851 7726
2 1640
1 29829 20453
1 1793 24884
2 461
1 1308 15595
1 23789 10252
2 315
2 2893
2 12
2 2582
2 1449
2 2224
2 572
2 1567
2 2689
2 1191
2 642
1 8246 311
1 24781 8183
2 575
2 2640
1 9030 31361
2 1799
2 533
2 2209
1 21052 6050
2 495
1 19259 9513
1 1255 11533
1 4457 7312
1 28569 7897
2 1361
2 982
2 1980
2 2679
2 167
2 2408
2 2977
2 2582
2 987
2 2162
2 879
2 87
2 219
2 2175
2 2165
1 1238 11048
1 18715 14617
2 2116
1 1253 3341
1 12643 31869
2 2264
2 161
1 26543 21184
1 30832 16723
1 27146 6643
2 648
2 3027
1 31835 27114
1 18761 15351
2 1307
1 32225 24536
2 603
1 25981 30264
1 27209 31100
1 28389 20468
2 2511
2 1007
2 2300
2 697
1 30327 15395
2 2044
2 2403
2 978
1 715 4818
1 1658 21490
1 28101 10350
1 12075 7770
2 129
2 2270
2 26
1 22468 29835
1 11419 29084
1 16575 22409
2 1091
1 16672 11108
2 753
2 1404
2 85
1 19541 5196
1 21285 1604
1 18408 23915
1 25318 8621
1 16141 18771
2 1652
2 1236
1 1442 1303
2 568
1 12800 5651
2 346
1 27525 13742
2 416
2 357
2 916
2 2641
1 10912 16266
1 5837 10424
1 7215 27661
2 630
1 25913 18072
1 472 28729
1 27446 4656
1 19121 5748
2 1271
2 856
2 706
1 17536 2370
2 1308
2 497
2 2716
1 26806 15084
2 475
2 1894
1 13013 6171
1 1526 24849
1 7378 8804
2 821
1 14665 22691
1 16762 30819
2 1210
1 19638 26344
2 2193
1 15525 23157
2 996
1 24246 27335
1 31469 2530
1 6010 20909
1 16599 10822
2 1032
1 4235 13807
2 2195
1 23922 30523
2 1304
1 7026 4172
1 10046 2636
1 28248 11503
2 712
2 2280
2 2819
1 2809 5349
1 1583 9291
2 1865
2 2935
1 21206 24022
2 2995
1 25622 30253
2 1947
1 9409 6634
1 9123 19247
2 1861
2 1987
1 20870 26823
1 15939 27906
1 26741 12721
1 106 24064
1 27597 9367
1 16612 16513
1 5057 16038
2 1716
2 2276
1 10554 27242
2 1984
1 22121 32082
2 2295
1 29998 168
2 891
1 17748 3690
2 480
1 12579 1877
1 26522 18885
2 2218
2 2166
2 1687
1 30789 27881
2 1621
2 1377
2 1988
1 6002 7710
2 2319
2 379
1 17867 6288
2 1773
2 309
1 8915 17928
2 957
1 8707 28247
2 937
2 858
1 16767 13247
1 15567 15286
2 869
2 2422
1 11844 8298
1 26352 22524
2 2065
2 2366
2 2368
2 1972
1 18825 6208
2 13
2 2259
1 13609 26874
2 2717
2 1609
1 6291 8695
1 3306 25443
2 281
2 2977
1 10531 21150
2 1528
2 847
1 23221 4463
1 11028 10156
2 3185
1 17764 23317
2 2382
1 17652 10375
2 1162
1 20045 26839
1 131 23325
2 1376
2 203
2 2702
1 22132 6634
1 2020 9321
2 2239
1 22048 16683
2 1625
1 5315 24599
2 1623
1 18755 3238
1 1036 15163
1 13843 20014
2 2848
2 1343
1 14938 18185
1 25284 9255
1 6010 12340
1 31178 12853
2 326
2 2814
1 24358 22648
1 32313 5661
1 31716 11870
2 1512
1 6060 20420
1 10360 22095
2 704
1 26414 30040
2 6
2 1282
1 8084 20953
1 22052 23713
2 1050
1 20457 20729
1 1627 31678
1 28092 11069
1 2293 29947
1 22241 16518
2 3146
2 57
1 4313 24081
1 365 19229
1 26266 17641
2 1605
2 1866
1 30609 16382
1 9693 19325
1 7215 7762
1 3940 26511
2 1308
2 2276
2 2154
1 2651 31695
1 1401 14047
2 1357
2 3015
2 454
2 2073
2 118
2 1492
2 509
1 26825 9072
1 16224 22026
1 22595 13061
1 14738 10750
1 4112 8918
1 11602 29304
2 2402
1 32399 15531
1 25090 15921
2 2828
1 3545 31421
2 1970
1 942 29651
2 1193
2 2214
2 738
1 24415 21871
1 5894 27384
1 11089 5262
2 295
1 10544 5299
1 24679 30684
1 30482 29956
1 26338 18438
2 3102
1 24990 25811
1 30017 10746
2 2627
1 4442 32473
2 2544
1 8266 12567
2 1917
1 18831 11491
1 28234 2587
2 3046
2 2281
2 1947
2 1081
2 138
1 10437 567
1 23392 31586
1 18342 21652
2 896
2 868
1 23090 26418
1 16559 20457
2 2986
1 20316 27776
1 2321 32578
1 31329 1622
1 25329 9621
1 1565 12965
2 1028
2 2332
2 2485
1 5548 4619
1 1100 24160
2 325
2 1982
1 28052 16474
2 3110
1 31137 19824
1 12123 20986
2 243
1 14610 21315
2 381
1 30044 17642
1 21091 23895
1 9012 13356
1 32146 9729
1 23631 6554
1 27108 12086
2 2628
2 1776
1 3760 13676
1 11121 30360
2 2429
2 112
2 3120
2 1797
2 1068
1 10964 14692
2 2178
1 6600 9002
1 18320 18945
1 17424 18496
2 2486
1 25829 15613
2 2020
1 10545 6999
2 436
1 25070 31906
1 14702 19837
2 3214
2 555
1 32225 29678
2 1034
1 24798 4295
1 9681 22317
2 1326
2 19
1 31477 4051
2 2747
2 3207
1 7630 20118
1 30770 17819
1 11033 29032
1 19667 28635
2 1980
1 10502 30079
2 2940
1 11711 12942
1 9873 32159
1 21571 16397
2 1960
2 2546
2 2044
1 8865 2843
1 9411 1348
2 1237
2 2256
2 799
2 961
1 32358 4233
2 2964
2 2594
1 32307 5207
1 31596 16635
2 1278
2 1786
1 19188 10179
2 1962
1 22641 24251
1 15861 9121
1 32564 8677
1 3573 4918
1 1251 15869
2 2968
1 22179 32159
2 3120
1 27419 6953
1 13109 10205
2 294
1 10954 30166
2 2504
1 21440 28646
2 1050
2 2709
2 2102
2 2174
1 293 31814
2 158
2 1386
1 30001 20336
1 23533 15767
2 3253
1 9967 20911
1 27674 17309
2 3209
1 13623 4643
1 18273 6914
1 31805 28017
2 3016
1 13135 2240
1 4967 10532
2 3226
2 271
2 2705
1 4323 1968
1 3864 9665
2 1674
1 5099 10678
1 30477 20569
2 2554
2 1135
1 3033 7501
1 27578 8712
1 14186 2449
1 5759 11766
2 2308
1 28743 580
1 8783 24202
2 408
1 12973 24433
2 2531
2 1449
1 20055 18671
1 21551 29724
1 3188 20706
2 1752
1 553 12565
2 1793
1 2812 27090
2 262
1 11311 16265
1 8544 19029
2 1532
2 334
2 3314
2 1944
1 3342 25385
1 12692 31492
1 16539 6306
2 1790
1 27299 11272
2 2463
1 14400 8257
2 726
1 15436 7503
1 23285 931
1 22832 21157
1 31223 21133
1 1374 30300
1 5645 32162
1 15910 12107
2 1856
1 26993 11946
2 900
2 2659
2 2102
1 20732 31346
1 21488 32182
1 31523 21286
1 26860 14438
2 2836
1 18215 450
2 698
1 7469 7506
1 23018 22165
1 18641 11202
1 5664 11655
1 28710 11832
2 2052
1 20820 22480
2 402
2 2844
2 1111
1 10414 17372
2 2282
2 1242
2 1283
1 21482 3975
1 32506 17108
2 670
2 90
1 3788 28884
1 6527 18238
2 152
2 1879
1 24161 19304
2 3276
2 2355
2 2957
2 365
2 824
2 903
1 27971 14065
1 28607 32159
2 1472
2 802
2 318
2 2185
2 3228
1 12352 10827
2 167
1 458 13671
2 1480
1 7899 30146
1 22090 9611
1 4180 5089
2 3019
1 30654 28501
2 1912
2 828
1 1182 31351
1 22095 25493
1 28717 13373
1 12920 32133
1 26610 31718
1 30568 23044
1 29679 12731
2 3135
2 25
2 1674
2 2243
2 742
2 161
2 103
2 1171
2 3377
2 3307
1 7492 20227
1 15132 26120
2 876
2 1715
1 23386 25465
2 2004
2 448
1 32100 10488
2 551
1 2684 28775
1 12802 22171
2 334
2 2404
1 20663 1290
1 31355 11907
1 29237 6061
1 22282 12997
2 300
1 28076 27454
1 5383 4721
2 199
2 3159
1 29723 22504
1 67 30069
2 787
1 3927 16065
1 440 27678
1 5514 26620
1 4105 25454
1 2501 30082
2 3255
1 6674 7132
1 8487 6919
2 1597
2 582
1 28340 1061
2 650
1 20399 24401
2 2468
1 7805 30233
1 26512 9199
2 671
2 2138
2 1672
2 2159
1 26283 32691
2 1702
2 3311
1 31219 24549
1 29408 11635
2 140
2 422
2 3346
1 5753 31768
2 1024
2 986
2 1432
2 123
2 1193
1 16593 4364
1 22443 7344
1 2273 27126
2 629
2 2076
1 13216 13722
2 2935
1 26038 22740
2 2928
1 23328 17843
1 31518 24499
1 8474 17146
2 1190
1 12646 32549
1 13688 26087
1 5118 9740
1 22566 31246
2 1372
2 1003
1 25661 16856
2 2148
2 1888
1 21323 11176
2 1035
1 28796 22430
2 2117
2 1890
1 8782 7111
1 16878 13287
1 31795 3205
2 2855
2 1286
2 3278
1 22425 3270
1 18760 1986
1 1542 14612
1 18621 16328
1 23261 6755
2 1398
1 28160 27678
1 19553 22529
1 31520 4637
2 2617
1 5908 19766
1 29006 30634
2 991
2 2773
1 8549 17174
2 1047
2 2140
1 1096 14233
2 1252
1 3441 2583
2 3211
1 24884 26300
2 576
2 2374
2 994
2 513
2 287
1 5421 13819
1 4924 10047
1 9987 24809
2 2628
2 285
2 2256
2 1904
1 19950 5491
1 21519 20152
1 18266 30681
2 2406
1 12988 32691
2 1005
1 20454 23752
2 1240
2 2444
1 17174 6678
1 22032 5652
2 1033
2 1682
1 8371 27298
2 883
2 452
1 15540 13337
1 19437 26656
1 12153 18837
1 24072 31428
2 2552
2 729
2 1272
2 1894
1 15364 15675
2 1661
1 29146 31788
2 881
2 2503
1 16396 11030
1 27848 12735
1 23801 13891
1 7879 6651
1 6136 736
1 27386 27264
1 1440 23909
2 2926
1 336 18568
1 12980 27050
2 1612
2 772
2 220
1 374 28120
2 1464
1 9108 18967
1 11296 24287
2 543
2 999
1 9137 27243
2 2562
1 11936 32642
1 4295 6154
2 107
1 25848 18379
2 3220
1 16378 14878
1 13025 28768
2 1357
2 2055
1 4445 11395
1 21903 20319
1 14489 4245
2 490
1 12513 2584
1 9904 19690
1 17197 23850
2 3054
1 4399 2793
1 31642 16856
1 8904 18763
1 28380 22308
1 29304 5003
1 12864 6348
2 2059
2 2366
1 25534 3097
2 2978
2 3315
2 2576
1 11263 10702
1 27698 27668
2 2980
2 462
2 1519
1 17651 25837
2 1580
2 2507
1 8155 1957
2 1737
1 28033 7473
2 2283
1 22363 25705
1 6535 27806
2 1080
2 3268
1 15808 15428
1 9026 31733
1 32003 6758
1 13658 21438
2 1650
1 21669 2439
1 12162 12372
2 2110
2 2184
1 9296 20423
1 3718 14130
2 1455
2 438
1 27845 5416
1 12682 31601
2 3140
2 2402
2 2474
2 1843
2 50
2 435
2 486
1 290 4891
1 7823 23083
1 29283 32526
2 228
2 2263
2 2232
1 11271 22082
2 1111
1 8924 21807
1 5312 7353
2 2150
1 26677 18100
1 12580 17566
1 11129 3878
2 570
1 30009 5657
1 13788 26829
1 17716 24028
2 1595
2 595
1 2838 22979
2 835
1 5257 23722
1 1077 11830
1 23683 1049
1 18816 5156
1 3523 8432
1 16840 11095
1 32362 16861
2 217
2 1308
2 2657
2 54
1 18092 5393
1 5129 10304
1 1540 20616
1 16607 26709
2 2477
2 1103
2 2577
1 3124 30205
2 459
2 2103
1 31785 2642
2 282
1 22008 13062
2 3440
1 11585 26884
1 29738 24787
1 3553 27674
1 5341 21831
1 9908 23816
1 18770 13779
1 21706 28547
1 2598 17231
1 14499 12726
2 1651
1 26747 23379
2 977
2 1350
1 12515 2349
1 24297 30513
2 2242
1 6919 21952
2 2593
1 439 10610
1 22570 6341
1 26084 5298
2 2442
2 2211
1 27284 13128
1 1314 12410
1 10514 13207
2 2757
2 1979
2 1241
1 5416 1313
1 31310 22465
2 1166
1 1589 22982
1 18187 20598
2 972
1 8293 28641
1 30283 24241
1 5615 8472
1 344 27757
1 4961 15987
1 1642 30258
1 26915 14081
1 15817 19532
1 28672 29324
1 15943 22643
2 3250
1 21912 11401
2 668
1 14549 15068
2 1671
1 21349 7553
2 1771
2 2857
1 25125 30209
2 2746
2 322
2 1787
1 22756 26443
2 2782
1 24060 31432
2 1046
1 20053 32220
1 26620 4235
2 1707
2 2435
1 11141 7321
2 494
2 2665
2 617
1 1841 26195
1 8400 24183
1 21231 10214
1 21347 8098
1 29548 1045
1 29150 28857
1 22082 19632
1 26013 11041
2 1358
2 2011
1 22964 19024
1 10012 2520
2 2987
2 776
2 1024
2 2106
1 18577 2954
2 1518
2 2297
1 11026 22519
1 12154 7442
2 242
2 863
2 3287
1 22019 5140
1 14683 7864
2 1016
2 1792
2 3297
1 27369 13607
2 247
2 2599
2 260
2 2302
1 23397 22198
2 318
2 2957
1 28399 9712
1 27393 15666
2 2967
1 1991 24083
2 98
2 1438
2 771
1 17950 28168
2 1193
1 10234 23014
1 24522 32240
1 17871 29811
2 2994
1 17407 8113
1 26758 31793
2 74
1 12619 5105
2 524
1 6762 6232
1 22367 4170
2 1674
2 2126
1 11210 11239
1 24164 18646
2 2198
1 7028 7618
1 24061 24996
1 2993 6798
2 1602
2 1275
2 655
1 20059 31261
2 625
2 2003
1 22085 265
2 2661
1 30576 23781
2 294
2 842
2 84
2 876
2 2741
2 1370
1 31376 167
2 3451
2 993
1 29657 25956
2 1493
2 936
1 17275 9034
2 1877
2 1631
1 11060 19026
1 29029 12391
2 1220
1 29427 16800
2 684
1 21447 29699
1 28166 9807
1 17877 10978
2 1396
1 19821 15411
1 31305 9283
1 4035 1694
1 22804 22059
1 18076 2487
1 8723 8563
1 12444 326
1 30855 1472
1 21209 31326
2 284
2 1474
1 5499 23837
2 1123
2 2853
2 1951
2 528
1 31555 19756
1 10138 7786
2 611
1 659 29936
2 109
2 1634
2 1112
1 15971 26132
1 19437 6671
2 1243
1 12435 9964
2 1718
2 1833
2 1175
1 29853 15015
1 7639 10798
2 1967
1 16598 5974
2 1142
1 24280 3009
2 2539
1 14715 1497
2 2486
2 1800
1 31989 21681
1 7153 16319
2 751
1 21969 7772
1 4077 11961
1 20774 8452
2 904
1 8486 32709
1 31057 9767
1 22061 24834
1 1227 19677
1 27556 31237
2 2174
1 21644 3159
2 3344
2 1170
1 15195 20815
1 22059 3918
2 3484
2 293
1 27208 9139
1 23057 3394
1 6843 22260
1 21409 13909
1 1029 24728
2 1407
2 1655
2 1744
1 4706 13722
1 14894 22488
1 32476 16596
1 16156 10633
2 259
1 21390 1712
2 245
1 8534 24731
2 3058
2 1216
1 21425 24778
1 24694 14741
2 2097
1 13002 17212
1 24016 760
2 3143
1 17314 8444
1 13623 32147
1 15573 1843
2 2861
2 3240
2 2148
2 3169
1 23353 14649
2 2296
2 1753
2 576
2 1776
1 15835 6883
2 37
1 12781 86
1 22003 24573
2 960
1 1944 25640
1 971 7929
2 1667
1 4346 5146
1 32510 4302
2 1312
2 2703
1 16949 26620
1 19726 16545
2 941
2 3446
1 7950 10220
2 2028
2 963
2 1746
2 1543
2 1012
2 1478
1 11437 3104
2 2434
2 3232
1 25069 7751
1 20066 31443
1 23584 32605
2 3200
2 990
2 3310
1 20422 4834
2 3547
2 1622
2 657
1 7960 11840
1 22632 30532
2 2608
1 19507 3960
2 2809
2 54
2 2625
2 3430
1 21026 12605
1 21294 5771
1 28937 12945
2 1911
1 2180 17702
2 1284
2 1601
2 2604
1 16086 28283
1 21288 3660
2 3234
1 10687 18483
1 30136 23370
1 890 23498
2 229
2 1066
1 664 3667
2 2738
2 1949
1 18732 9556
2 146
1 7436 17322
2 3368
1 26735 10271
1 20512 25772
1 3597 12545
2 2696
2 1760
2 306
2 1835
2 3666
2 595
1 31466 9709
2 3549
1 18748 15109
1 201 22591
1 12491 20160
1 6834 16969
1 10384 31614
2 1821
2 1328
1 4271 18346
1 24437 19332
1 31362 10919
1 24804 4457
2 2685
1 5632 3796
1 7263 23707
2 3700
1 17309 5853
1 2171 20888
2 746
2 1928
2 1331
1 5885 9490
2 1153
1 16155 12552
1 15215 16847
2 139
2 726
1 5813 3831
2 2407
1 12809 19122
2 1316
2 1270
1 745 15216
2 1870
2 1806
2 354
1 14883 2402
2 407
1 9391 2464
2 218
1 4934 12871
1 21069 22952
1 4381 23054
2 1605
1 12189 24534
1 9428 23722
1 18172 19218
1 8558 481
1 18003 8954
1 32635 31148
2 835
1 7384 6362
1 23335 27740
2 2499
2 1752
1 24707 20901
2 1450
1 7363 12653
1 9450 16497
1 13327 4599
2 543
2 2581
1 30520 19111
1 17717 21262
1 7998 29534
2 2557
2 2185
2 146
2 826
2 2187
2 645
2 654
1 22942 28466
1 19447 29916
2 1661
1 7373 2075
1 18939 14197
1 14839 20478
1 12064 19681
2 2069
2 457
2 296
2 2558
2 2654
2 2988
2 3473
2 2505
2 3165
1 27200 14147
2 3637
2 625
2 2168
2 2756
2 1643
2 1399
1 28378 7970
2 328
1 14183 19495
2 2544
1 27635 12792
2 2154
1 22229 3232
1 25438 14974
1 11105 19082
2 2007
2 296
1 26662 19784
1 1241 31144
2 519
1 19127 27046
2 613
2 393
1 23075 16892
2 2818
2 902
1 16963 12005
1 16607 113
2 2924
2 3608
2 1654
2 2476
1 16277 29224
1 14592 8278
1 32560 24094
2 3666
2 453
2 1522
2 2526
1 21982 31408
2 2436
1 14233 6980
1 11816 1342
2 1687
2 3599
2 1771
2 1756
2 1663
2 268
2 3229
1 27718 8487
2 2704
2 740
1 8655 25081
1 1953 545
1 6154 17891
1 13704 31920
2 1005
2 685
2 1241
2 590
1 20542 16165
2 3564
1 23575 11215
1 17929 21433
1 1165 13048
1 28904 6494
2 3681
2 876
2 2004
2 1319
2 2736
1 4597 825
1 31040 19473
1 25992 2137
2 27
1 14311 9915
2 1068
1 12018 7545
1 12865 32550
1 29208 30951
1 13049 768
2 2946
2 1763
1 14646 32379
1 9792 26070
2 2479
2 3683
2 3659
2 1524
2 2190
2 1862
2 2824
1 1111 6099
2 660
1 17802 19140
2 517
2 898
1 15511 19741
1 20942 19756
2 2720
1 10963 23821
1 11975 8091
2 2868
1 20821 27015
1 30535 5764
2 26
1 26796 12422
2 125
2 2666
2 1479
2 3296
2 2400
2 62
2 2299
2 2275
2 2409
2 2124
2 1823
1 17494 26209
2 3205
2 513
2 3026
2 1518
1 29398 2740
2 888
1 4866 17874
1 24963 1843
1 1710 19329
2 1401
1 29691 23717
2 1840
1 12454 15712
2 3700
2 2384
1 28937 5963
2 2740
2 1259
1 4311 2381
1 5220 31277
2 1472
1 3534 3060
2 379
1 14978 14935
2 3239
2 2308
2 3128
1 900 4759
1 654 11611
1 17219 28139
1 22366 804
1 29662 4582
1 25968 1710
2 2453
1 28624 26570
2 2540
1 13533 30794
2 2416
2 2165
2 2921
2 2322
2 2943
1 5127 27476
1 25975 18968
2 270
1 7640 31407
1 26871 7119
2 932
1 27275 26086
1 25557 2985
2 3725
1 18105 12868
1 32122 19457
2 3596
1 10752 29036
1 992 12891
2 2337
2 3033
1 12763 11353
1 24919 6734
1 29276 3904
1 705 26059
1 10271 883
1 3930 26686
1 16420 31894
1 5627 3415
2 334
2 2013
2 2069
1 5452 24062
1 6145 17336
2 3768
2 1370
2 1739
1 20272 32745
1 5710 16788
1 31734 15501
2 1538
1 17097 17889
1 23153 30505
2 1571
1 9723 18418
2 1318
2 163
1 14798 15686
2 1205
1 23956 10747
2 1531
1 25949 3070
2 99
2 1209
2 1023
1 32414 20910
1 8593 4042
2 798
2 944
2 1602
2 2448
1 25488 3836
2 1405
2 1236
1 26738 22905
1 10379 12359
1 13080 22685
1 64 24725
2 1616
2 1045
1 8618 12731
1 9251 17956
1 3095 18762
2 165
2 1240
1 10135 9244
2 1270
2 561
1 6979 16744
1 25194 102
2 2172
2 2072
1 28586 626
1 29862 30814
1 20355 25432
1 26094 19180
1 2266 23159
1 31870 10411
1 7667 21398
1 17463 21272
1 29387 18354
2 2035
2 2433
1 30882 4671
2 2468
1 12920 12214
1 5182 23059
1 26686 3399
2 1530
1 777 29549
2 26
2 23
2 855
1 21615 16793
2 2036
1 13434 23693
1 1732 24858
1 13438 15229
2 1154
2 3041
1 22679 22888
2 2312
1 8575 16972
2 299
1 20718 21598
2 296
2 1508
2 2226
2 3629
1 11297 118
2 47
2 2505
2 2788
2 1307
1 28992 23001
1 12219 6324
1 26730 21034
1 21171 1606
2 1085
1 25106 648
2 1635
1 30376 17426
2 684
2 2109
2 2651
2 208
2 2390
2 1543
1 12881 16293
1 9040 6141
1 483 32556
1 27543 1803
1 30305 15393
1 12236 2812
2 3183
2 3841
1 5261 17459
1 27775 32099
2 1757
2 3083
2 47
2 643
2 2424
2 2479
2 555
2 1753
1 19087 29743
2 3662
1 10411 24229
2 147
1 16375 21727
1 5367 13247
1 19550 10337
1 2669 30499
2 831
1 31217 17456
1 30175 30418
2 1995
1 31939 22011
2 1890
2 569
1 13182 19910
1 18326 23352
2 2918
2 1998
1 14689 12836
2 3020
2 2692
2 1325
2 3183
2 3709
2 2567
1 28454 8397
1 28993 19989
1 10898 31428
2 705
2 2356
2 2394
1 10966 8699
1 8804 17500
2 1520
1 1631 13457
2 405
2 157
2 2407
1 18400 10221
1 11249 6227
1 2910 14956
1 22295 16286
2 3186
2 2405
1 5665 16792
2 3512
2 2141
2 1933
2 2602
2 464
2 2556
2 1015
2 1457
2 1397
1 23857 503
2 846
2 2287
2 453
1 29310 30900
1 22107 26792
1 14694 6047
2 3040
1 15027 22986
1 24455 4013
1 7221 32208
2 1875
1 21608 27980
2 3543
1 23566 12730
2 234
2 3712
2 305
2 2160
2 1922
1 17302 23802
2 1771
2 967
2 1110
1 5102 30473
1 21088 16321
2 2114
2 1303
1 28872 25897
2 3880
2 1210
1 24460 26456
1 13961 22810
2 2513
2 2423
2 3066
2 3150
1 28295 8564
1 12685 28999
1 9989 28290
2 775
2 2578
1 6708 5228
1 16929 12882
2 1095
2 1302
2 652
1 5075 8777
1 149 32513
2 3107
1 12018 1844
1 19433 3644
2 1138
2 2500
2 1314
1 31894 7391
2 230
2 1651
2 2397
1 4428 3582
1 27464 12072
1 16245 13669
1 29149 8569
2 1925
2 3322
1 23633 19924
2 1906
1 21066 19162
2 2404
1 30304 27872
2 2807
1 9953 21788
2 3819
2 2399
1 12159 19068
2 815
2 3670
1 21097 13194
1 6428 443
2 805
2 3780
2 2848
2 2752
2 2940
2 1432
1 11326 1473
2 1610
1 26489 18740
2 550
2 519
1 11675 4446
2 504
2 3208
2 621
2 780
1 10389 19469
1 5419 10809
2 97
2 121
2 479
1 3775 9504
2 3052
1 25906 16556
1 23507 31667
1 10374 30564
2 1366
2 3901
1 23015 5179
2 2625
2 3657
1 22224 7579
2 2254
1 19370 24458
2 1152
1 11069 28248
1 17028 29743
2 629
1 7843 29207
1 17394 24522
2 1722
2 291
2 1025
1 9075 661
2 3939
2 178
2 840
1 6914 30349
1 10348 32747
2 1351
1 11975 10180
1 27861 32473
1 26428 1500
2 1477
2 599
2 1050
2 2286
2 1878
1 4903 23876
1 15079 13856
1 19706 24018
1 25933 32502
2 2534
2 809
2 1720
2 1107
1 20012 200
1 32650 23896
2 2040
2 248
1 29112 5840
2 588
2 1081
1 29942 4031
1 25443 18717
1 7673 26531
1 10537 15315
2 3263
2 2345
1 32536 4289
2 562
2 1901
1 1703 29053
1 31611 3033
2 3136
1 19669 4738
2 2162
1 4701 15929
2 3429
2 1981
2 1150
1 5420 32581
1 30221 7900
2 1041
1 5201 6459
2 856
2 895
1 8421 26293
2 3660
2 3665
2 554
2 1132
1 21264 24969
1 7569 7809
2 1987
2 2981
2 2475
2 3499
2 3137
2 3162
2 2680
1 29045 16925
1 10171 17968
1 21757 29546
2 3993
2 144
2 613
2 2749
2 1002
1 18111 20678
1 2087 31655
2 1162
2 1095
1 3417 9404
2 2919
1 1543 27677
1 20206 23154
1 13963 24
2 3634
2 872
2 3307
1 20795 10600
2 1043
1 27578 32284
1 26 11729
1 2103 4747
2 1793
1 22528 3198
2 29
2 3299
1 4187 3082
1 18917 4581
1 24769 3503
2 3322
1 23136 24572
1 10397 24289
1 20782 18777
1 32121 3172
2 176
1 15858 18391
1 3187 13077
2 2783
1 27217 30525
2 93
2 2058
1 16636 6579
1 18982 16357
2 665
2 2394
1 26790 15104
1 12201 21899
2 3729
2 1160
2 129
2 2175
1 3001 21060
2 587
1 3880 25004
1 14540 19967
1 21872 8460
1 21363 12028
1 28150 16244
1 21876 15152
1 11319 16692
1 15902 12708
2 1851
1 31452 5602
2 3717
1 8100 13728
2 1068
1 5732 21505
1 28362 25317
1 30752 17909
1 30061 32378
2 1732
2 2674
2 2255
1 28060 27451
2 1980
2 2006
1 29492 16265
1 29529 9855
2 153
2 388
2 3584
1 6887 15158
2 2591
1 20433 2557
2 469
1 637 2084
1 9101 20875
2 2509
1 11293 10442
2 3706
1 571 7493
1 16055 32061
2 2684
1 28196 30050
1 18480 11356
1 6135 28598
1 22161 16508
1 23494 24608
1 26082 19918
2 2578
1 6479 19538
2 3441
2 388
2 1381
2 1547
1 26729 22233
1 3143 20795
2 2404
2 2008
1 8286 13517
2 2126
1 8454 23779
2 1666
1 18634 873
1 20312 28102
1 4725 25625
1 21309 7518
1 20302 16268
1 15771 22317
2 3152
1 21175 13874
1 32064 6053
1 7547 8022
2 2012
1 736 14767
1 30928 14585
2 968
1 16198 22836
2 356
2 2044
1 2222 1293
1 28296 10332
2 4003
1 25005 21791
1 10337 30889
2 2319
2 2807
2 1068
1 63 22919
2 76
2 3304
2 3156
2 2466
1 5738 11472
2 1314
1 1490 15586
1 30447 32512
2 160
2 3111
2 2850
1 14964 30647
1 25031 24848
2 2604
2 2254
1 23050 20433
2 1251
1 8488 24445
1 18012 9624
2 3856
2 703
1 5419 26404
2 1022
2 175
2 1875
2 949
2 1054
1 13816 32682
1 4689 7155
1 23908 25031
2 3589
2 340
2 1092
2 3613
1 4709 8102
2 1298
1 25832 3434
2 112
2 3608
1 5881 21917
2 2043
1 31226 12369
2 2570
1 9201 13560
1 1011 13924
2 2272
1 26039 2524
2 2465
2 135
1 23790 10689
2 2399
1 23542 28043
1 17803 29884
2 1013
1 8845 27141
2 2928
1 29588 17714
2 3879
1 4685 23248
2 3991
1 15884 3332
1 28271 7902
1 22514 29125
2 1900
2 2934
2 662
2 2629
1 30872 16223
2 3436
2 2409
2 915
2 3824
2 646
2 3547
2 3227
2 3852
1 5747 9436
2 3464
1 26079 15918
2 3622
1 21362 12437
2 186
2 1104
2 915
2 3239
2 1535
1 32129 21575
2 2261
2 3466
1 21233 5819
2 818
2 278
1 8922 6173
1 14574 29579
1 31646 16740
2 702
1 18812 21873
1 18748 18538
2 1236
2 2728
2 3120
1 5876 27065
2 3951
1 6858 28451
1 12160 862
2 2168
2 3829
2 2839
2 3088
2 3684
1 17064 29458
2 727
2 2669
1 10035 6153
1 15545 28232
1 325 17987
1 15350 2336
1 12959 19503
2 3836
2 3240
1 24025 32052
2 2209
1 23142 23551
2 3748
1 13270 11651
1 19734 21649
2 1798
2 590
1 22566 3995
1 14126 13817
2 680
1 6955 28671
1 21792 19481
2 1013
2 1558
1 10456 32066
2 3086
1 4385 19520
1 21895 20243
1 16501 8273
2 1510
2 2519
2 3260
2 2300
1 26797 1069
1 18032 22669
2 3685
1 19673 10555
2 2178
2 1774
2 404
1 9200 21039
2 2917
1 18947 14211
1 30469 1749
2 2991
1 10823 15666
2 693
1 14380 756
1 23936 25845
1 4269 551
2 1630
2 1886
2 3269
2 1592
2 1183
2 508
1 12508 15792
1 28757 25504
1 22005 19984
2 2958
1 1370 3316
2 2314
2 3297
2 72
1 3891 11190
2 3063
2 1791
1 12903 23146
1 333 23845
2 1878
1 27743 32657
2 3248
2 932
2 739
1 8815 32004
2 3920
1 11156 31628
1 32585 29872
2 257
1 9117 17435
1 4920 15666
1 25672 32474
2 3491
2 1227
2 819
2 2785
1 23136 25152
1 18039 3547
2 3443
1 9987 21194
2 2369
1 1823 23051
1 8746 30669
2 646
1 19592 4577
1 22651 26260
2 1587
1 2855 5276
2 2196
1 31974 27626
1 18409 23575
1 30782 3126
2 1320
1 9461 2161
2 2827
1 20744 13157
1 13857 28299
2 2588
1 26027 4070
2 1402
2 1230
1 17718 7699
1 2658 11176
1 8609 19890
1 2957 28190
1 16617 21559
2 4143
1 32435 29917
2 3329
2 3010
1 4005 23330
1 6899 16159
1 11267 21114
1 1399 3357
2 3801
1 12499 21722
2 3700
2 2581
2 1818
1 1448 26676
1 30779 28864
1 16166 8059
1 23910 14914
1 32501 6412
1 2909 1189
1 18636 22183
1 5478 23354
2 2743
2 35
1 29829 24549
2 836
2 782
2 4008
2 553
1 12241 2478
2 26
1 25531 972
2 1536
2 2670
1 858 25439
2 4100
2 1390
1 25050 20468
1 7883 19293
1 16696 11300
1 12895 10656
1 29453 19607
1 16140 29535
1 3694 7593
2 2121
2 3039
2 1049
2 3789
1 20194 1365
2 2140
1 17461 22576
2 1444
2 2189
2 3157
1 3553 18395
2 3778
1 5585 8961
1 28417 2102
1 16954 2217
2 2656
1 19385 14207
2 2937
1 29280 17759
1 18700 18998
2 3277
2 2457
1 1437 11338
2 2792
1 29975 21338
1 7738 15317
1 1223 24442
2 681
1 26201 23367
2 4018
2 1354
1 11418 27559
1 559 9950
1 3034 12681
2 2271
1 14915 3990
2 108
2 530
1 21575 24995
2 10
1 31800 12549
1 22624 19841
2 437
1 5159 352
1 11399 32338
2 1245
2 2945
2 3722
1 25870 25362
1 32711 12148
2 461
2 726
2 3162
1 23194 29707
1 29755 25376
1 13556 6800
2 667
2 975
1 3007 18491
1 28149 14760
2 2585
1 22319 17849
2 1856
2 2370
2 1121
2 2080
2 2648
1 24925 29705
1 2073 7306
1 30317 29750
2 84
2 4166
1 22235 27949
1 7548 2165
1 15910 22954
2 3775
2 3549
1 15073 30473
1 20914 7792
1 18017 27706
2 3175
2 3855
1 29388 3077
1 7291 31189
1 25332 28607
1 3698 12257
1 5968 586
1 8123 32401
1 7759 22612
1 10543 12323
2 372
2 258
1 9822 5924
2 2935
2 2545
1 6003 28711
2 1635
1 24374 6580
1 1281 23441
2 3311
1 1590 13389
1 30954 20047
2 2889
2 2366
1 10975 4444
2 469
1 13220 19539
2 595
1 15946 21040
1 6088 16381
1 1022 29454
2 318
2 142
2 2499
1 1777 11153
1 17061 4770
2 1792
2 2706
1 28875 15903
2 1140
2 1163
1 19015 28954
1 19742 12029
2 1519
1 4558 8789
2 2705
1 6560 8479
1 12417 12504
1 30946 23623
1 1323 1362
1 483 24193
2 1380
1 31793 23848
1 2637 22724
2 3797
1 30904 15092
2 2257
1 3805 29409
2 266
2 3186
2 1077
2 2951
1 24556 7311
2 3484
2 1514
1 23638 30031
2 3384
1 32538 1354
2 3435
1 11493 6166
1 15868 25097
2 3308
1 9706 19509
2 706
1 15478 4672
2 2302
2 317
1 15874 31247
2 2918
1 15458 28406
1 1468 13895
2 451
2 3469
1 4497 17697
1 28342 11958
2 278
2 2989
1 15096 11104
2 262
1 13939 4882
1 13981 30090
1 23204 19717
2 2035
2 2135
2 1678
2 3023
1 13223 27001
2 1953
1 23393 23381
2 588
1 13624 8023
2 842
2 800
2 1214
2 292
1 15496 20467
1 8 27444
2 1488
1 16554 16529
1 24134 7097
1 22544 13789
1 17598 3270
1 14603 8380
2 3704
1 3269 13769
2 3848
2 683
2 4153
2 2655
2 4046
1 28620 6273
2 1051
2 2762
2 789
1 20544 24268
1 3880 30711
2 538
2 461
1 10280 4043
1 15586 1952
1 11001 16776
1 28457 14343
2 3182
1 27695 21220
1 28815 6076
2 4260
2 430
2 331
1 32435 32111
1 29036 26427
1 30962 17089
2 4324
2 2060
1 30592 3106
2 3449
1 16806 29143
2 4295
1 16502 6821
1 21341 7102
2 2219
2 4054
2 230
2 84
1 11793 20488
1 4856 4521
1 7148 21073
1 7310 30279
2 1591
2 205
1 27396 6126
2 569
2 3502
2 3941
2 2256
1 27064 7074
2 2193
2 2254
1 15962 5595
2 642
1 21094 29311
2 1477
2 966
2 513
1 31872 25902
2 955
2 2665
1 31856 24858
1 10974 30075
1 2314 1387
2 1653
1 26127 24970
1 22804 10819
1 18677 30866
2 86
1 26016 5639
1 31323 4111
1 23301 10743
2 3563
1 14848 2621
2 178
2 1692
1 12078 18670
1 12143 25024
2 3488
2 544
2 3225
1 16930 8803
1 6545 29254
2 4344
1 10821 28651
1 16605 5720
1 28250 13861
2 1057
2 2156
1 12034 26718
2 251
2 1383
1 29604 32156
2 3611
1 20302 26864
1 24785 21873
1 14600 12906
1 16724 23755
1 32114 12000
1 18409 26874
1 25015 21310
2 4294
1 14970 21969
2 1805
1 3040 16794
2 3246
2 2330
1 14786 26450
1 30195 3964
2 1565
2 1436
1 5708 7760
2 4286
2 3658
1 26668 3106
1 19008 5156
1 22375 12473
1 28663 14894
1 11358 19684
1 22132 14175
2 3223
1 5286 14558
2 4303
2 2857
2 3625
1 27480 16714
1 7514 17863
2 867
2 958
2 1942
1 29121 13097
2 1495
1 29117 25859
2 1220
1 20340 8666
1 7128 25231
1 25490 6752
1 505 25005
2 1575
2 1278
1 6637 30804
2 4184
2 1941
1 22527 651
2 4350
1 32056 1687
2 108
2 1749
1 23438 8875
1 5288 1634
1 25414 32079
2 619
2 620
2 1622
2 1068
2 4301
2 2759
1 25119 23190
2 3699
1 9183 23131
2 1063
1 6594 15813
1 28052 21823
2 885
1 17171 1049
2 3519
2 2770
2 849
2 633
2 1681
2 4164
2 1490
2 3155
1 30546 8542
2 1925
2 4340
1 831 24329
2 3492
1 10074 9558
2 3270
2 1273
1 26169 32078
2 3412
1 1528 24278
2 4116
1 27613 2981
2 2597
1 65 18872
1 18948 27728
1 6957 18858
2 1074
1 23439 13297
2 375
2 3074
2 1390
1 14230 32570
1 24414 620
2 2868
2 724
2 2610
1 2618 1541
1 958 32728
1 4706 17670
1 19434 14966
1 14558 8050
1 24749 11102
2 920
2 3177
2 2916
1 3335 23780
1 28788 12553
2 1647
2 1904
2 729
2 3576
2 203
1 25236 2517
1 17955 22722
1 3409 30306
2 530
1 18297 19819
2 2711
1 14321 30236
1 4615 5998
1 14712 21197
2 2259
2 1989
1 20663 660
1 25140 26288
2 2808
1 8009 20970
2 4199
2 40
1 5373 13824
1 15820 29719
1 23254 3940
1 2089 4880
2 1993
2 3999
1 17066 24245
1 2792 21130
2 4254
1 30741 27918
1 20187 32505
2 2099
2 4056
2 1777
1 27887 6845
2 1064
1 14486 8542
2 87
1 11649 14201
1 6801 5413
2 1861
1 2216 30139
2 1220
1 1400 12670
2 3257
1 1852 14662
2 3462
1 17504 21074
1 28559 32569
1 2586 29442
1 24661 28308
1 26274 20268
1 8878 16526
1 31376 24140
2 3259
1 17081 12116
2 1183
1 742 30265
2 3559
2 2487
2 662
2 1830
2 2586
2 2381
1 2536 5182
2 2100
2 837
2 1686
1 9778 30480
2 2615
2 3811
2 1942
2 4382
1 29992 8421
1 32231 22696
1 6497 5006
1 32381 27259
2 4043
1 23160 29618
1 10789 32484
1 26469 22761
1 10216 13486
2 3228
1 10164 10737
2 637
1 24125 9708
2 1742
1 15971 7052
2 2061
2 3751
1 31169 14878
1 16981 13766
2 1910
2 1451
2 4313
2 941
1 3215 8964
2 4447
2 3241
1 23341 6320
2 1611
1 12115 10876
1 29311 10124
2 378
1 25235 15558
2 2771
2 3940
1 20282 29110
1 9597 16306
2 2237
1 20285 25720
2 4083
2 772
1 28986 20031
1 22674 13588
1 875 15431
1 28782 14231
2 416
2 4175
2 1435
2 1368
1 17590 28745
2 276
1 2633 23448
1 10371 15736
1 25351 11544
1 20833 24980
2 1779
2 45
2 836
2 194
1 10528 29282
1 12054 1438
1 2644 6753
2 3046
1 10567 3345
2 3042
2 1013
1 29897 4244
2 2124
2 1106
2 4490
2 2200
2 1691
1 25338 13226
2 1057
1 22480 25824
1 6368 3194
1 9681 32726
1 18051 6536
1 15281 23668
1 31984 30638
2 2670
2 1562
1 16875 5756
1 8677 20046
2 785
2 2754
2 330
2 4296
2 2530
1 4978 31299
1 15604 10891
2 1398
1 9182 16115
2 46
2 4464
2 1227
2 605
2 596
2 3607
1 20796 31076
2 3055
1 22458 1024
1 31512 2599
2 3422
1 8609 23358
1 14437 18479
2 3003
1 32409 31645
2 700
2 854
2 3887
1 11092 5627
2 1976
2 2288
2 1706
1 10337 13795
1 20528 7670
2 3684
1 7977 2721
1 22024 11453
1 2123 2392
1 28015 24320
2 1240
1 20633 30513
1 8758 22163
1 11267 4213
2 1440
1 9497 6579
1 9218 24734
1 20910 14151
1 19900 14903
1 24653 31557
2 3132
1 15672 14147
2 1876
2 647
1 29700 22575
1 32231 3613
2 2080
2 4342
2 205
2 683
1 5875 22090
2 4275
2 3240
2 3891
1 12958 2479
2 546
2 3093
2 1630
2 3240
2 126
2 3832
2 2460
1 28698 14655
2 345
2 1228
1 11748 887
2 3643
2 2331
1 30404 12638
1 27578 24029
1 17713 22954
2 1349
2 1120
2 2773
1 21930 5019
2 4498
2 246
2 1009
2 762
2 3496
1 29070 20697
1 5438 26205
1 23348 5036
2 441
1 800 28186
1 8720 30712
1 30951 12239
1 25180 18509
1 15498 3674
1 18819 32462
1 13723 14941
2 177
2 396
1 15346 5965
2 3900
2 2195
1 15374 16496
1 8677 25917
2 2155
1 19187 1006
1 9189 20333
2 2274
2 953
1 19546 6863
1 12738 20118
2 3096
2 1053
1 21779 4445
2 1061
1 3123 1437
1 27585 9584
2 2904
1 1072 1093
2 1868
2 1691
2 305
2 1901
2 1983
1 16340 29525
2 3228
2 743
2 2230
2 1089
1 30551 6518
2 3359
2 3559
2 436
1 6578 8830
2 4430
1 9180 10688
2 3431
1 27422 5082
2 587
1 23994 21801
2 4369
1 19148 32498
2 4505
2 2116
1 9454 16429
1 18828 8273
1 19863 4197
2 1600
1 17789 6551
1 8646 17154
2 394
2 34
1 24495 5951
2 1530
1 937 21580
2 1224
1 22833 6947
1 24869 26968
2 1210
1 5196 22386
2 4444
1 25760 15756
1 14256 4708
1 17961 8091
1 32761 2717
2 401
2 288
2 3915
1 26197 14438
2 3174
2 3745
1 18546 32600
1 4726 10380
2 3447
2 3190
1 20193 14076
1 11618 14284
2 627
1 3576 223
1 30755 18592
1 28247 3688
2 2484
1 19081 24083
2 3445
2 3314
1 15274 24905
2 62
2 2193
2 1421
2 2628
2 1671
1 3061 20296
2 3164
1 20730 595
1 30810 25062
2 2584
1 17668 2730
2 1776
1 30131 7015
1 11741 24759
2 108
2 4059
2 855
1 8224 23866
2 3899
1 18456 3651
2 1913
2 3604
2 604
2 1755
1 3522 1895
2 413
1 31725 10811
1 13926 2611
2 4482
1 7383 2913
2 127
1 17499 18504
1 22149 4365
1 19152 30608
2 3382
1 28614 23502
1 28885 17845
1 28612 25869
2 4059
2 4288
2 1746
2 3589
1 8275 23732
1 942 28232
2 3974
2 3573
2 4438
2 1368
2 1124
1 27172 12014
1 24840 25198
1 25030 23783
2 3507
2 1251
1 10787 3695
2 1001
2 1001
2 553
2 2660
1 931 4300
2 1578
1 19941 29387
2 423
1 5779 25780
1 3811 5641
1 20709 29976
2 1805
2 2453
2 1691
1 9574 21596
2 1427
1 14346 19270
1 3612 27651
1 14261 26028
1 24973 27177
2 3185
1 22018 9902
1 19280 27691
2 500
1 31254 26841
2 710
1 10136 19137
1 14837 29784
2 335
1 10350 14328
1 12214 16375
2 4614
2 281
2 63
1 8708 31235
2 4616
2 4601
2 4246
1 10207 2756
2 626
1 28606 8009
1 4827 31066
2 24
2 3629
1 17426 5652
2 3960
1 5797 259
2 2537
1 16624 28072
1 24666 16020
2 3692
2 3200
2 762
2 4259
2 3836
1 19046 18971
2 132
2 2333
2 3461
2 4299
2 2599
2 4352
1 31205 4711
1 21289 7199
2 2653
1 11621 16358
1 26891 14544
1 10425 31934
2 4052
1 30462 29987
2 2075
2 3914
2 2786
2 4583
2 324
2 395
1 32388 6532
1 23195 31185
1 16148 14835
1 21675 2833
1 23116 32297
2 510
1 3046 30523
2 1322
2 687
1 18324 28054
1 16326 16078
2 2382
2 1939
1 28631 29539
1 11571 31384
2 811
1 734 22091
1 29561 9900
2 3105
2 313
1 23767 20219
2 2825
2 4268
1 20065 1457
2 3840
2 3412
2 1326
1 13176 32680
1 22204 14836
1 30055 6802
2 385
2 2005
2 365
1 18594 93
1 31517 4416
2 3285
1 15829 32609
2 678
1 29799 1928
2 4003
2 3991
1 19511 22068
2 2370
1 19694 240
1 25826 28167
2 1741
1 22972 2480
1 13958 18892
1 29671 31103
2 1096
2 3071
1 19517 23007
2 2303
2 1586
1 25101 7986
1 24507 17780
1 27869 2099
2 4282
1 1292 31304
1 23808 9177
1 15880 23658
2 741
2 509
1 27919 30647
1 22872 16202
1 4606 13643
1 29157 23603
1 23999 13985
2 307
1 18783 22948
2 2159
2 2376
2 1700
1 12690 261
2 4259
2 2819
2 4136
1 22108 31781
2 502
2 2417
2 1572
1 14930 26508
1 27852 28272
2 826
1 30538 10830
2 4562
2 1871
1 32307 20168
1 21931 29068
2 3004
1 14962 5903
2 1183
1 16960 17195
2 3789
1 4175 23392
1 11082 23282
2 3787
2 1909
1 25804 19718
1 3827 249
1 15807 23684
2 2054
2 1671
2 2151
1 23771 6807
2 2727
1 4878 9823
2 4595
2 2005
1 21124 4769
2 753
1 2601 4507
2 4135
1 32467 24323
1 18001 10795
2 397
1 30439 8052
1 14784 13717
2 3382
1 2064 1396
1 20720 17030
2 1200
2 2607
1 28252 18069
2 107
1 12735 7240
2 1540
1 25647 633
2 2270
2 143
2 805
2 2360
1 16767 14268
1 31762 26372
1 2447 23780
2 3163
1 23762 23104
1 5554 5448
1 18120 5267
2 1785
1 5238 5149
1 9005 16286
1 15376 13795
1 15936 15568
2 2523
2 4023
1 26168 15441
2 314
1 2692 26689
1 16172 4448
1 10495 28519
1 262 25563
1 19615 5035
1 14503 17622
2 2228
1 8030 9147
1 16473 28608
2 3020
1 31990 2531
1 23233 22740
2 2830
2 3259
1 21437 20003
1 26685 10136
2 449
1 10553 4657
1 1373 20530
2 2310
1 14237 16009
2 3119
1 7736 10290
1 25423 18055
2 303
1 2027 395
2 1052
1 14115 3870
2 23
2 4528
1 22398 5535
1 17114 21670
1 25652 15750
2 2313
2 3143
1 3491 20702
2 2134
1 2281 25172
1 11668 24704
1 2261 22513
2 1634
1 11335 2028
2 1678
2 2985
2 3262
1 10507 671
1 29464 21698
2 476
2 3428
2 4608
1 2795 25671
2 329
1 3574 5336
1 20094 1988
1 14371 19048
2 4126
2 1349
1 3250 25361
2 3239
1 14970 281
2 4386
1 26371 15261
2 936
1 23675 5505
2 1784
2 3552
1 30585 29162
1 30815 7897
1 5000 27561
1 1705 6635
1 23518 13063
2 1474
2 1537
2 4271
2 1943
1 23139 5668
2 6
1 23328 13876
1 31230 14685
1 16616 6323
1 15590 18748
1 17793 7584
2 2632
2 4548
2 4222
2 4574
1 20260 26566
2 2820
1 26117 19867
1 16633 19335
1 12935 20246
1 16391 4150
2 1567
1 25233 7308
1 8121 7085
1 22081 659
2 3818
1 17479 28295
2 2321
1 5945 28197
2 4461
1 26388 1981
2 2751
1 7367 29202
2 107
2 166
2 578
1 2242 1496
2 1074
2 763
2 4507
1 29236 20623
2 1987
1 10248 31566
2 1621
1 19814 9356
2 3886
1 6089 3590
1 25998 21925
2 913
1 24021 20843
1 22388 12677
1 8829 4696
1 18293 8180
1 12315 21237
1 12867 17998
1 26985 26037
1 15654 23220
2 1763
2 1643
1 23242 115
2 600
2 1346
2 2460
2 1743
2 1372
1 14408 9022
2 2131
1 167 4435
1 198 707
2 3321
2 707
2 4460
1 22356 14180
2 3623
2 269
1 20438 20284
1 9098 24247
1 1755 20615
1 23012 5716
1 11155 30632
1 32060 5582
1 29500 3444
2 3319
2 1507
2 4613
2 2548
2 2421
1 32543 24221
1 6627 11994
1 18459 15861
1 14146 11424
1 571 29666
2 746
1 23644 23677
1 18536 20873
2 1124
1 1962 30105
2 447
2 2826
2 1500
2 2290
1 6580 11083
1 13564 31258
1 1489 29881
1 343 12044
2 1791
1 25459 11824
2 4177
2 570
1 23109 14186
1 16715 24779
1 28041 15508
1 31073 24541
1 31273 20834
1 758 21365
2 2212
2 3138
1 28754 23928
1 14787 10815
1 13318 14168
1 2085 9842
2 366
1 14811 16991
2 623
1 15675 3018
1 9490 21293
2 2647
2 1856
2 1299
2 1163
1 27829 521
2 768
2 972
2 3834
1 12980 9872
1 18790 17028
2 1974
2 4705
2 2377
1 19984 20827
1 31871 1860
1 25955 1231
2 2528
1 6369 7476
1 20653 1323
2 4794
2 87
1 2961 984
1 27831 18342
2 4414
1 27714 21361
1 16970 4661
1 20714 9577
2 3914
2 2720
2 601
1 27235 10939
1 29713 21370
2 2859
1 9849 27546
1 17000 9285
1 22711 11861
2 4489
1 28675 20111
1 7575 25317
1 26341 11797
2 3500
2 3370
2 4639
1 15488 9000
2 3291
2 2843
1 10293 2624
2 1809
1 936 21614
1 31726 4919
2 3362
2 1956
2 2839
2 442
1 1 23237
1 10907 21877
2 453
1 7155 32439
1 3270 4233
2 2507
2 149
2 1709
2 4835
1 11220 11158
2 757
1 29226 31150
2 584
1 28980 17190
1 16434 14460
1 17618 1018
1 17444 26844
2 3403
1 23378 26678
2 2135
2 376
2 318
1 27124 17340
1 1640 18626
1 25292 4748
1 22574 30726
2 1003
1 13319 17488
2 4070
2 2621
1 21766 20566
1 12323 1247
2 118
1 5140 27678
2 778
1 27749 5234
2 3730
2 4411
2 1437
1 15715 7273
1 22497 476
1 13736 3981
2 4524
1 25556 27123
1 11209 9383
2 2768
1 32310 4125
1 95 18218
1 25549 28989
1 31978 20124
2 1975
1 10478 27154
1 22427 14225
1 826 32731
2 825
2 788
1 25442 22876
1 14918 21391
1 29550 24339
1 19299 17313
2 1607
1 16520 10745
1 32609 14675
1 23047 17520
2 437
1 3310 12151
2 2540
2 127
1 29134 24459
2 431
2 4470
2 2432
1 973 19296
1 22299 19221
1 26126 29276
1 24819 30379
1 3728 26101
2 3346
1 24651 3889
1 12693 20460
1 1844 23675
1 32409 8037
1 23619 24314
2 3898
2 1111
2 584
1 32411 19790
2 2301
2 2543
2 3381
2 4773
1 18221 28810
2 961
1 2422 8563
1 18606 19043
1 17939 11388
2 2335
1 19413 17697
1 21059 21804
2 4535
1 6624 16516
2 4195
1 24069 22033
2 4573
2 1991
1 15173 20565
2 3762
1 26456 18967
2 4661
1 15640 17488
2 4477
2 1362
2 2803
2 4456
1 6043 28704
1 29727 10391
2 3867
2 1825
1 28383 3959
1 20183 15528
1 16211 16647
1 30002 31929
2 2586
2 536
1 31387 19651
2 4656
1 24602 19695
1 14318 31060
1 11544 32327
2 142
1 22418 299
1 12728 6512
2 2139
1 19543 7214
1 31198 10835
2 3579
2 566
2 3395
1 6767 30374
1 8797 21098
1 26551 4019
1 1720 19308
1 19315 10213
1 2139 21346
1 16746 31003
2 2122
2 4301
2 3591
2 2065
1 25219 1952
1 6187 506
1 4809 11995
1 26216 14601
2 4826
1 10060 16565
2 4558
2 1942
2 2157
2 182
1 24262 25061
1 4435 31095
2 3965
1 17537 26929
2 254
1 24896 11188
1 30368 9031
2 2868
1 9993 359
2 2917
1 20935 30089
2 51
1 10318 4278
1 19283 32154
1 23940 7795
2 4600
2 837
2 370
1 12834 10348
2 491
1 12585 19720
1 16515 21188
2 4673
2 3691
1 2225 2710
2 1042
2 4313
1 18833 12488
2 22
2 431
2 1562
1 1778 25017
2 2745
2 2513
2 4044
2 3221
2 494
1 6251 1953
1 27557 17403
2 931
1 31820 2550
2 640
2 2532
2 3007
1 13071 7190
1 24107 8061
2 991
2 3692
1 28881 31007
2 1048
2 1174
2 2683
2 1781
1 31737 31938
1 12289 20600
2 2674
2 3560
1 20984 38
1 6323 29369
2 2197
1 1197 16764
2 4775
2 1297
2 3166
2 2005
1 8378 8436
2 4012
2 357
2 876
2 4655
2 373
1 3397 2249
2 505
2 2693
1 27294 17542
1 12489 21073
1 12947 11882
1 3560 13625
2 1744
1 2169 9295
2 1452
2 2900
2 142
1 27032 19886
2 1590
2 2430
1 18053 17433
1 1760 31066
2 710
1 26355 230
1 13687 8081
2 4547
1 7442 21288
2 3058
1 22564 27907
1 11167 3960
2 395
2 633
2 1771
2 255
2 4961
1 17174 23668
1 4910 3033
1 13255 5907
1 25640 30362
1 11754 10080
2 793
2 4350
2 1739
2 1926
2 379
2 4256
2 4341
2 1066
2 2043
1 28600 28590
1 28847 31787
2 4315
2 2932
1 9545 6766
1 14189 10488
1 30801 23301
1 466 12243
2 190
1 454 12105
1 25569 4297
1 4427 8307
2 2488
1 26621 2770
1 17933 22215
1 4843 1185
1 24036 11337
1 30569 3270
2 256
2 1788
1 18213 8380
1 3964 19145
2 1760
1 20286 11121
