2	2	:	2
3	2	:	2
4	2	:	2
5	2	:	2
6	2	:	2
7	2	:	2
8	2	:	2
9	2	:	2
10	2	:	2
3	3	:	21
4	3	:	51
5	3	:	123
6	3	:	297
7	3	:	717
8	3	:	1731
9	3	:	4179
10	3	:	10089
4	4	:	232
5	4	:	856
6	4	:	3160
7	4	:	11656
8	4	:	43000
9	4	:	158632
10	4	:	585208
5	5	:	3005
6	5	:	14545
7	5	:	70445
8	5	:	341185
9	5	:	1652285
10	5	:	8001745
6	6	:	45936
7	6	:	272016
8	6	:	1611216
9	6	:	9544176
10	6	:	56535696
7	7	:	818503
8	7	:	5699281
9	7	:	39688327
10	7	:	276386929
8	8	:	16736896
9	8	:	133612928
10	8	:	1066685824
9	9	:	387057609
10	9	:	1333131794
10	10	:	1406436612
