200 7511
1030 5857
7877 7114
5828 4098
3507 1822
708 8955
4962 4849
8483 2812
8794 9198
6608 1407
612 1350
6240 2301
3902 2224
5915 2086
3163 7396
5261 958
8256 1263
502 5386
2632 5074
5402 5911
5361 8002
7778 2884
2125 6938
249 4451
4097 1588
5312 7772
1897 8548
8283 842
3715 1742
866 3323
7248 8506
2464 7620
7830 4695
9591 3483
9552 7733
2282 8012
6092 7258
9473 4916
4412 8366
2841 3385
5910 175
1426 5024
2628 4733
4143 8757
5509 7279
7370 1287
9098 9676
1421 5210
6153 9043
8505 1923
4862 3700
275 4015
4517 7396
6978 7740
2545 3245
7395 2446
8616 9964
7989 5820
9780 4929
8509 1488
5332 3875
1203 3323
6665 8601
1507 271
6602 9378
7517 3490
4784 7182
8853 4898
523 1570
596 5931
2715 4808
7685 7987
2007 2316
3385 8415
4170 5105
3556 6427
7601 6634
8957 6646
2494 9457
7570 7203
9912 4292
2306 6377
4472 2131
1825 7988
6574 8403
3207 1426
8282 7982
4097 2774
4932 6832
8831 3641
6420 284
8628 1780
9434 7701
3577 5832
72 885
4394 9782
8579 4393
8680 599
7446 115
4949 2373
3374 2119
9707 5967
3679 7951
1350 9513
9069 2103
9941 4346
1876 18
6653 7517
7825 1363
9958 9169
4583 7876
348 7129
7867 7330
9487 3468
5272 3327
211 5381
3516 6751
6689 6020
5033 5995
9764 1916
8740 5090
3469 9667
217 9331
9744 965
5366 6244
7396 5697
9516 5486
5751 8299
2161 6350
6008 4184
7760 3270
8907 1509
7703 7402
744 7920
5768 3587
1356 5453
6441 2559
7798 2323
7668 5135
3596 3917
4519 6376
2484 7289
3765 5187
5451 9644
3076 6461
5681 8988
189 6600
4843 852
8399 8104
3056 2596
8428 6598
3677 7486
4794 2288
6785 9562
2275 1511
8497 9235
7878 2336
9108 3992
6164 4612
520 5884
3988 1856
1548 8966
7775 6709
9189 6210
3668 7545
2105 9278
4614 9140
6983 5182
1641 2052
7996 5177
2840 3418
9199 4121
7026 2747
7574 5854
6552 8815
3039 604
5633 3829
7465 6776
391 1262
4056 8432
5975 5421
2596 8768
1460 5390
7946 5021
6901 6860
6233 5406
7410 3240
7815 2318
2667 9001
5418 3740
9298 6503
559 3803
7868 9342
4646 4258
483 2642
9668 8492
9671 8405
9424 1241
6856 6690
6694 7068
