100
6 42
11 42
10 48
10 90
6 48
4 96
5 42
27 80
18 54
15 36
10 63
21 60
10 45
6 66
4 50
16 63
14 70
5 52
18 49
3 75
27 54
5 50
6 49
12 35
18 78
21 40
15 45
16 84
9 60
5 33
8 84
9 35
5 80
5 33
6 75
12 36
24 84
16 50
15 70
7 77
12 36
8 63
5 30
3 40
30 70
5 35
8 36
20 30
16 45
6 48
4 50
6 30
18 52
8 88
3 44
14 44
14 72
7 63
10 50
10 45
14 50
16 55
6 60
15 60
6 80
12 35
5 50
6 45
6 40
7 55
6 6
31 38
4 33
5 5
11 77
2 65
6 77
28 1
26 3
2 23
30 25
7 41
25 3
3 24
3 36
32 68
3 15
37 4
18 16
14 2
5 18
10 1
4 34
13 49
22 59
6 36
8 44
15 58
33 9
29 7
