1000
5 591470975
7 847425747
7 128685172
7 426595274
11 148547586
11 284777977
11 345556882
2 961544192
3 956593800
5 195312500
2 422576128
11 4787607
11 214358881
5 191806250
11 990746394
2 917063888
11 245441724
2 891132928
5 172187500
11 876922695
2 212076544
11 921211720
7 341359774
3 838828224
5 534150000
2 908066816
2 268435456
7 782901273
7 174557502
3 66272661
11 529696739
7 594266365
5 222777500
11 2811072
3 506994714
11 643076643
11 740512498
7 572715332
11 885916625
7 870484951
7 564950498
7 82003754
7 363182463
11 731754925
11 93520053
5 562500000
5 757623125
11 194871710
7 282475249
5 194227800
7 186877033
11 405687469
11 687687770
11 884008939
5 390275000
3 393752988
7 266239687
5 148243250
7 163162356
11 318880980
3 922380048
11 496107557
11 488950836
3 807258879
2 158132224
11 146528096
11 260192834
2 789241856
11 857435524
7 847425747
3 267846264
11 414545274
5 280220000
7 132590423
3 944742132
11 65357424
3 847431804
11 409054899
5 242328125
11 629514006
11 922822230
11 250473267
11 263845461
3 645700815
11 974358550
7 847400897
5 302734375
5 771484375
11 76185230
7 282475249
11 354312200
7 564950498
11 640378706
11 105794414
2 215808384
7 669422810
7 194709095
3 529191030
7 363182463
5 910590625
7 564950498
3 684012681
7 94707445
7 238827470
5 996445625
7 40353607
7 429065903
7 340711504
11 277168771
3 493945821
11 856469218
2 857817088
7 518832090
11 344971242
5 648896375
5 582568750
11 947560724
3 530909559
11 428717762
3 172777374
11 737906400
11 466753749
5 781250000
7 288240050
3 961376769
11 253333223
11 141812726
11 778842636
11 681348217
5 354859390
11 380812410
7 928132961
11 60467330
3 562973166
7 885191076
7 542714837
11 164755173
2 291361792
7 414393483
7 791056315
2 141754368
7 358241205
11 856762038
3 611098101
11 380984417
5 265285625
11 445446980
2 258586624
7 555202438
7 807072140
53 600420941
29 505017977
97 88529281
61 844596301
67 508837128
59 714924299
29 625236404
79 714413511
11 100334773
7 910838558
59 714924299
23 453701082
97 977134059
53 541019018
41 374172109
47 858823856
79 272650567
97 442646405
37 416063742
67 765742598
79 589181605
79 71983694
97 146197042
11 774172157
37 663503647
29 804496395
89 493478300
67 479005445
19 299607979
61 844596301
31 991287992
97 391536717
59 927491564
67 803416899
71 127058405
53 765376657
101 10236249
37 310185282
47 788743331
79 74223818
37 693439570
71 946750210
101 562544346
97 90843313
3 774840978
97 442547853
67 443324662
59 750069655
43 882050658
67 826195961
97 619704967
13 56806815
79 967835557
29 176099861
17 628045841
5 224103205
59 561834816
79 647853246
67 320914992
59 714924299
47 96462612
13 260647686
43 841025046
13 400519691
37 659441343
79 11832936
43 735042215
59 860332631
19 429103372
13 122526690
89 750134542
97 578235430
53 768056443
61 906335133
67 926951566
23 296071778
23 170768077
89 892548782
29 814763323
59 137881938
19 253604666
79 691908465
11 549138656
67 162111257
53 232184255
29 674697296
41 570392451
89 145223614
7 564950498
97 471851941
53 879118685
83 226374532
29 594823321
89 188226723
53 835348847
53 380082981
79 410701487
31 658470473
47 228074362
29 840957109
61 387121677
67 120866325
83 227457765
29 565117519
47 688035021
59 387995741
5 72818750
2 671088640
97 918129832
101 520302005
73 120249542
19 562207682
37 693439570
79 155800324
101 416241604
29 9901934
5 498046875
101 622536427
83 427124889
89 528600014
31 882789170
67 126975854
59 285320165
89 798184040
29 217842548
11 961212263
7 722638378
23 857432824
7 475570872
7 73441347
31 264668018
67 528292454
41 579281005
43 160683647
89 448360284
31 831195808
79 2465195
19 14726273
101 728422807
79 94753943
41 695137206
47 980815881
97 177058562
41 760129709
19 502648097
101 360131458
17 685874452
17 844814915
7 523026301
41 122163805
157 677379169
233 733661546
409 547174924
41 561775071
857 162313229
239 692877730
359 138804837
641 885859436
839 199913564
709 583109960
797 506261573
919 618218652
547 654669292
179 235148899
277 356500108
907 492427533
977 932574833
853 620650477
239 467364022
271 797797171
967 788719045
307 454893873
59 508929162
919 733835285
523 429167001
277 765141588
337 751673445
127 520289282
347 771580872
53 60101364
157 866856032
541 591800982
887 193717252
431 648283047
797 648311680
617 234885113
587 721842705
907 67508010
599 859687196
173 895745041
863 516262997
73 712631694
211 663496463
409 869861200
307 530056376
227 603095416
557 587835520
907 746142643
607 503496181
593 166382754
293 815082050
421 576564973
563 45960505
137 704550722
239 490041059
983 355594352
83 492308607
347 344421443
163 896464629
137 814349372
61 969208870
733 902480595
997 556645040
769 744664995
41 171030598
367 659976100
541 708580701
157 715930205
1009 530909566
673 468305031
883 988282739
541 339802641
227 273984233
373 726531638
787 487443403
397 938561595
467 203695126
761 881422162
521 811608590
521 404694565
151 519885601
569 29098091
727 958490613
929 678374380
127 571498857
487 791432953
317 615595614
971 875899289
223 458736422
509 393906956
127 268741398
659 383470123
521 304103011
263 59722829
751 993196749
479 219804478
139 67140475
907 800017536
317 588061628
967 486246280
907 906559198
389 644317427
107 961845791
419 687145754
839 767273890
541 461353980
853 94589170
409 68417929
367 872817383
541 534377078
499 999173149
619 199243720
541 522728266
907 746142643
653 426102090
43 783839174
541 963275386
919 728307500
479 554329456
701 344472101
853 620650477
853 268487721
653 163314647
641 903774104
197 606807674
521 327005650
853 620650477
653 987563244
719 880867032
1009 127447799
797 506261573
991 973242271
431 217655862
101 605816988
47 447448413
719 343779065
839 590589719
877 674526133
761 881422162
683 157673282
853 350278479
197 542821483
479 659413434
131 352950287
673 914463651
281 621265148
67 395323785
821 394309880
509 240168087
547 818336615
1861 477938298
6173 516494910
9781 62823363
3119 838939263
3907 198440437
5413 175803414
1009 294225409
6481 630050415
9587 827195121
4111 885924611
9649 399729123
1721 266565690
4057 194727886
5039 351414821
4027 598871278
9203 762137242
2647 434409758
2711 197989752
967 69196586
5639 858554667
6197 617184018
5581 173825826
7477 318370660
3433 928938903
9677 268720613
6857 235092245
857 629422793
3089 953243777
3271 647896783
6421 939405142
2411 639848057
1657 290941031
8999 485892006
727 922811634
2797 722599356
8923 51369711
3491 450921997
5717 555629513
677 930866199
5297 402916305
7793 520549021
6311 477944652
4019 242285415
7669 176440683
1949 398853105
6121 267157166
6863 387567336
9871 487183205
5683 10632893
2843 574738037
457 227554467
4679 168631160
2777 732614255
563 710327529
6991 439866729
1423 859011026
3271 470775404
6277 812199861
9533 842517007
5261 55356242
8147 634317273
9221 850268410
3313 759233584
4813 662201418
3623 809501382
2153 509894990
8963 396146674
5407 204649543
4363 933642733
8161 736171166
8461 835193771
4799 92121604
1399 495720261
7699 177823803
1901 318014488
7369 162515926
7027 938195851
4871 23726641
1327 832919417
8461 871186865
9677 561865974
8147 530988872
5519 304593610
5393 145422245
4337 365921364
6563 305743918
8287 950543761
6637 88099538
8677 75290329
8353 139545218
5153 584174998
9539 315206716
727 384240583
8951 80120401
9479 269554323
163 705911761
4337 345350973
227 376009156
2927 472839288
10007 100140049
4049 213127213
5119 602695703
5261 442849936
8501 939471013
6421 123687723
1619 546051463
251 165503627
3251 422760040
5333 515690434
5437 465630117
1753 885026592
9587 583110101
8353 29268912
197 145262087
3229 221728972
2579 460936933
5107 130407245
1733 961052480
8861 495737506
4721 894062980
7151 105913461
6793 553738188
2609 617018064
3739 661788044
4817 284742504
8419 626744036
8447 573593535
4759 724738592
557 237030236
2777 169658038
5279 133558700
5923 315737361
3109 223645915
9221 91582972
6637 888435457
73 198787687
9091 313930412
1597 489678528
4447 19775809
6653 885248180
2713 853802804
3491 962779399
3251 803244076
7993 647249161
8219 852277424
7883 229521428
2579 499928834
5669 5986464
6823 558639948
2473 415869572
2879 953193715
68099 877047021
64621 676323386
73771 343404005
53479 562385164
90821 857350240
68279 25263230
1151 158560609
54331 686743840
71293 330015297
94153 649090782
17957 322453849
31307 885706337
7523 214112103
5107 52162898
2609 517322956
39301 550056796
24877 618865129
98713 274224714
8999 566280073
65809 166430961
32887 884495865
9749 380172004
99523 438299292
34721 83816494
71549 787039
91411 205034873
15101 138174150
96661 571363171
59417 914189962
21397 915663218
12239 149793121
36061 728071590
33071 807825317
39509 308091182
35729 598639395
53077 494730717
33547 568319727
12821 352885204
1531 448272207
14827 524964762
24133 582401689
55291 733213951
12323 455568987
68329 149025549
56807 482177816
51713 506528835
51503 475784714
99901 6393664
69847 756163622
80897 618133977
48179 480778241
50287 117420145
53731 329585954
8419 564249799
73121 923079504
57637 971471635
36373 550650847
13789 796411273
95531 905156225
93923 920445400
23369 406199958
79031 163752232
16001 512064002
62081 847095245
97547 52090098
31699 933757443
63857 181417737
24229 587044441
11617 969682607
64969 692179726
76379 881490039
11777 554790916
69991 298021678
71837 862906044
33073 909110624
75913 451758263
99809 591667752
3221 746988552
821 553387661
27143 421042216
35969 134272277
51991 766347340
85903 44583657
98953 140216401
52609 393094448
41579 127813846
72559 518434055
17257 804383284
86111 415227242
37951 285998736
29363 862185769
92957 83103558
80207 268051794
83071 861778554
80777 921665570
3319 22031522
88817 716753190
94771 576965848
45943 804553816
45943 869655047
77267 172073609
52453 510577502
20011 800880242
43441 525158249
20323 826048658
89939 980514978
40499 647376515
49697 585082781
75253 675922446
47087 877466245
38747 898000472
98641 502082690
83267 458884437
28807 829843249
9743 854334441
47623 304072855
36473 211543400
18457 685788292
26813 718936969
23399 547513201
56813 409394478
77839 928385753
10267 901083255
15161 101684827
99901 801106119
55967 962856268
67723 800079522
61027 592389089
3319 211602845
23741 563635081
30803 948824809
25969 305135750
11 857435524
47563 327090751
58193 710361951
59351 773580934
31769 822499410
48751 43485892
25561 774447178
8429 327137919
48523 471546514
29599 148290990
27827 10156855
36373 797805382
66161 694425856
45737 680292138
27941 899141380
53717 273419530
53507 441379243
50756249 710587486
69737089 418422534
151454267 302908534
42762529 555912877
282825979 848477937
418640707 418640707
412030589 824061178
127122323 254244646
748712359 748712359
544521331 544521331
602443819 602443819
56266451 843996765
722102221 722102221
610511411 610511411
216000727 432001454
41620949 374588541
135617681 135617681
31873271 860578317
159439349 318878698
456996847 913993694
33217721 996531630
219528161 878112644
30377833 668312326
142603229 998222603
247019557 988078228
254200039 508400078
399450017 399450017
96618023 289854069
591837809 591837809
218497729 436995458
817327001 817327001
101439539 405758156
47517089 47517089
658948607 658948607
195494053 781976212
95972329 959723290
341231783 341231783
61150423 611504230
52461569 996769811
310710157 310710157
10368937 736194527
40101617 681727489
631981309 631981309
82161641 903778051
413983631 827967262
41545897 789372043
331839341 995518023
330024353 990073059
81974917 901724087
174243649 348487298
125133089 250266178
99446911 795575288
128195891 384587673
11145569 913936658
129146491 904025437
156633889 469901667
253244339 253244339
361348433 361348433
152251529 913509174
186733717 186733717
343873553 343873553
35806087 179030435
60919997 365519982
39398263 472779156
483184651 966369302
314040401 314040401
83262271 416311355
669041203 669041203
345021701 690043402
17015783 833773367
189415141 378830282
160447897 641791588
316124573 632249146
389993861 779987722
618809813 618809813
4977403 149322090
137242421 274484842
95215513 476077565
421575157 421575157
42981073 988564679
30002549 120010196
71963053 71963053
489997583 979995166
30996463 371957556
242152231 726456693
71739583 573916664
120550049 964400392
594858049 594858049
107776699 431106796
586392043 586392043
409327403 409327403
333448729 666897458
167823217 503469651
263530261 263530261
790806337 790806337
755734913 755734913
857658863 857658863
447604789 895209578
693713519 693713519
114136027 913088216
270293431 810880293
16126477 919209189
238229861 238229861
480141817 960283634
167967133 335934266
128403857 256807714
628649627 628649627
487721401 487721401
153899899 461699697
459122639 918245278
25912279 906929765
43090547 603267658
358599443 717198886
459914201 919828402
298826873 896480619
50068919 700964866
334701979 669403958
466743821 466743821
701993987 701993987
497711563 995423126
25736639 102946556
8886601 577629065
713708851 713708851
166893823 500681469
82404391 741639519
125439749 376319247
466756519 933513038
323738477 323738477
157546321 315092642
215048557 860194228
25716851 848656083
66746831 667468310
59448581 594485810
812323129 812323129
347829091 695658182
358323781 716647562
9677249 629021185
129125707 774754242
123894229 867259603
150746203 753731015
16924031 660037209
133794509 535178036
548531513 548531513
220271423 220271423
92594431 185188862
606647473 606647473
384919417 769838834
310701049 621402098
361660063 723320126
400607321 801214642
272029453 272029453
136664179 956649253
34368379 68736758
485115739 970231478
69971593 69971593
53401583 160204749
60985571 487884568
200240113 400480226
288633577 288633577
287925437 575850874
586419451 586419451
89199181 178398362
664940753 664940753
406267021 406267021
153355603 920133618
592627691 592627691
260497337 781492011
38529977 346769793
2952601 865112093
352543039 352543039
484951057 969902114
98740139 691180973
609521779 609521779
36239207 144956828
56402891 338417346
490510459 490510459
80676667 322706668
53624503 482620527
849859723 849859723
15623123 515563059
138520873 554083492
124879669 749278014
161386091 484158273
310141841 310141841
250674863 250674863
379440767 379440767
137290247 961031729
625129387 625129387
391642799 783285598
664482517 664482517
139217801 139217801
223500451 447000902
471229133 471229133
810494753 810494753
203011091 406022182
307363267 614726534
466782749 933565498
6242113 568032283
153766583 153766583
75229283 902751396
456356063 456356063
70658251 141316502
62739811 815617543
273375001 820125003
204396079 204396079
453387359 906774718
15093703 60374812
712267981 712267981
446537477 893074954
15543337 170976707
210169819 840679276
119433071 238866142
356435771 712871542
422123147 422123147
36510151 146040604
671368507 671368507
334070159 668140318
70911833 354559165
192047257 768189028
337827377 337827377
331060753 331060753
204913747 819654988
774403607 774403607
1148747 399763956
61114763 305573815
2716187 353104310
255157663 510315326
63114697 568032273
133360471 800162826
169185997 845929985
3753751 75075020
174150619 696602476
55356871 719639323
837064451 837064451
25900949 466217082
108390461 541952305
205335187 821340748
80324897 401624485
206117081 824468324
44040077 308280539
27912013 893184416
110745559 664473354
476574869 476574869
544133693 544133693
330616963 330616963
710723501 710723501
21757819 108789095
769306873 769306873
284609197 284609197
45168967 767872439
