1000
72 60466176
264 763062300
84 101501400
660 673076250
78 543943400
900 870882012
84 667012500
24 300056400
288 453496320
192 612220032
1485 633368736
125 744323580
100 899640000
72 429981696
686 498279600
245 141711570
154 219008790
600 754515000
22 619699080
144 45349632
216 644972544
65 371599228
840 662598300
30 624375000
80 822083584
840 648270000
168 63763700
882 53980290
110 693000000
360 997272000
48 536870912
189 630262500
216 644972544
882 731001600
126 367416000
154 404890200
450 342286560
70 97828500
80 193793600
128 846526464
264 283423140
275 814331232
128 738197504
264 339570000
490 514382400
200 428652000
720 906992640
48 574619648
242 380318400
50 862199100
64 349920000
144 394149888
600 510300000
1080 193775400
30 669768750
105 933508800
208 36909600
588 505008504
121 50750700
360 444528000
770 821759400
600 160997760
162 911250000
256 335544320
54 51018336
330 813933120
2400 179685000
40 684799500
385 142619400
75 135000000
780 961875000
324 573308928
50 508243680
616 869387904
150 951746796
360 835920000
84 400075200
1260 296352000
7 663390000
210 842751000
252 288120000
11 47455200
125 437400000
294 284004000
648 806215680
44 876096000
140 213444000
660 957013200
864 388125000
2550 622339200
330 552782230
168 567567000
540 77175000
540 483729408
210 457837380
256 704643072
270 173643750
56 34574400
126 8731800
252 423263232
198 650767040
1040 749548800
120 648000000
18 693693000
1710 691778178
840 413437500
432 268738560
896 304686900
550 56756700
15 352182600
160 174960000
315 733933200
270 162000000
162 36450000
162 579280896
512 402653184
98 456533000
720 765904896
72 777600000
336 774259200
420 68584320
720 636693750
308 377897520
32 838860800
280 309874950
216 241864704
360 204073344
324 102036672
110 242792550
525 917631330
25 891000000
90 460102500
216 453496320
312 409909500
924 611226000
140 354375000
630 907578000
220 172178160
132 396744480
28 714420000
1792 20971520
735 728377650
90 923400000
10 524880000
180 403213140
900 607500000
72 591224832
54 819819000
36 666792000
918 915000000
384 738197504
528 494125800
980 586971000
504 370440000
360 951345000
336 887927040
224 147232800
168 222264000
273 3354120
256 872415232
32 436207616
378 625117500
980 434605500
1080 453496320
1540 463050000
540 755827200
2048 67108864
63 858300300
98 691488000
420 266716800
432 927148032
288 355622400
768 872415232
1728 513962496
196 474749730
176 898128000
264 738617880
50 777600000
504 830144700
432 453869568
108 132432300
36 372600000
1200 891000000
273 55957902
945 145860750
110 181912500
12 785811456
176 196775040
154 380318400
294 226800000
660 211680000
432 753279450
840 566846280
520 160446000
72 340122240
42 55495440
720 101250000
480 400207500
234 664115760
108 161243136
418 988352442
378 102900000
486 952342272
539 51749280
10 268441404
588 833490000
130 694575000
30 140026320
150 410062500
1024 536870912
1430 227026800
140 555660000
12 412065792
98 335412000
384 33554432
468 183367800
312 152460000
60 734706000
16 16777216
16 171199875
429 575231580
2160 181398528
192 956970000
66 304504200
192 665127936
700 826544250
110 245945700
32 874800000
90 712191480
162 806215680
70 41160000
216 860625000
20 402653184
504 345744000
294 968083200
990 205439850
1710 718665948
98 403200000
832 12582912
220 230530300
315 559020000
200 918000000
70 833490000
90 307580000
66 903256200
54 160083000
27 241864704
1470 494325000
594 676414200
800 656100000
960 201326592
756 381024000
700 371250000
1386 46846800
1540 975629655
150 790614000
336 959188230
572 815782968
180 990662400
312 73371375
1680 84672000
112 213929100
33 408783375
180 141087744
30 654053400
72 77792400
1368 729000000
242 22493900
288 835312500
420 952875000
630 636693750
735 426057450
420 353955420
385 430445400
315 192099600
120 317520000
336 734265000
2376 939544914
150 897750000
1260 560617200
240 68040000
30 437400000
324 786060288
960 518400000
220 831946500
396 441925632
400 540000000
80 729000000
819 482053572
1536 403107840
1188 725594112
462 927026100
200 911250000
198 579115680
80 214414200
84 504504000
576 604661760
84 726062400
120 373248000
750 989704980
640 335544320
1260 345600000
288 241864704
220 427061250
637 694575000
192 16777216
126 729303750
550 303750000
325 945945000
770 784406700
44 434830704
1001 161716500
120 443418624
60 233377200
400 501187500
352 156156000
110 469576800
648 403107840
144 22674816
70 420000000
60 317520000
360 97117020
240 33750000
120 952956900
120 829440000
735 272273400
512 738197504
72 504504000
16 528273900
225 101250000
77 377897520
351 96621525
702 18918900
882 893025000
756 235758600
324 967458816
1440 364290048
504 685283328
384 234881024
420 139968000
273 747054000
234 629770050
48 335544320
15 576240000
231 710509800
684 684799500
108 846526464
1760 412912500
36 161243136
350 980980000
360 222264000
468 751500750
980 518616000
192 67108864
28 493970400
140 750141000
392 543367440
1008 755795040
132 686070000
420 974413440
1080 254677500
300 46656000
40 345744000
24 212625000
150 223303080
833 344323980
462 94500000
648 90699264
12 996652800
64 824131584
208 357076720
96 402653184
210 918540000
360 257191200
182 722596875
84 747054000
1330 806736000
1152 91875000
72 612220032
54 589545216
154 355509000
42 277830000
770 627026400
858 882370125
108 861643008
84 560290500
30 250047000
64 754974720
455 348917625
128 754974720
72 161243136
144 710477568
135 816480000
360 618017400
12 770770000
624 869682450
42 810337500
520 123873750
256 478150656
160 388800000
198 167690250
128 788529152
600 877865625
336 537468750
96 511758000
2244 515363200
780 463783320
1575 796446000
504 926100000
48 544687500
256 268435456
324 45349632
1092 172262376
330 435781500
32 469762048
735 707910840
300 947700000
336 797746950
9 634894848
156 279510000
162 986111280
210 119070000
490 521703000
1008 987840000
108 556539984
294 395300640
260 874473600
108 272097792
350 352947000
1134 639009000
108 810000000
2280 435456000
910 958230000
315 474323850
36 298080000
50 326728080
2100 800415000
132 301870800
495 897199875
330 891891000
108 136048896
80 501637500
2660 672348600
65 983209500
14 768398400
504 866565000
110 377338500
35 260851500
896 264494160
720 661500000
21 135642780
162 483729408
1134 703836000
540 658125000
180 129654000
150 777924000
432 429981696
324 806215680
1152 214990848
390 925848924
252 699242544
20 181515600
175 817086270
360 876759552
600 101250000
294 708800092
1404 997691904
90 852930000
980 264528264
162 680244480
30 871563000
150 214326000
156 41446405
252 716636160
840 538738200
126 601200600
45 693834570
45 411600000
660 770395626
572 717341625
1620 933817500
468 216000000
720 432224100
12 215460000
300 728802360
540 829440000
360 560290500
144 236825856
9 233280000
750 435637440
308 901800900
4 739508000
224 821583000
40 57978360
60 791815500
252 873180000
800 729000000
910 355509000
252 120022560
1512 680244480
70 360720360
528 211309560
240 508032000
648 524040192
84 317250000
684 878026149
96 247463936
1008 382952448
240 889056000
117 515314800
12 731566080
240 644972544
162 816293376
65 579729150
108 564350976
1872 317447424
270 640332000
72 544195584
1008 510300000
11 906425520
90 116795250
42 882882000
441 950796000
216 10948608
2040 373527000
364 828928100
945 607500000
39 715715000
108 786060288
1540 314448750
420 689759280
126 796857600
165 813933120
315 550424160
280 350700350
108 765904896
630 950796000
120 93693600
875 229635000
140 637875000
36 967458816
56 545044500
2618 585446400
1200 411642000
560 809040960
64 536870912
27 926100000
108 969348384
21 685283328
30 97200000
500 721710000
630 600112800
273 614083470
180 618750000
324 555660000
175 50870820
450 484041600
390 104781600
8 805306368
270 570477600
980 632063250
360 121500000
70 591951360
546 972405000
70 972405000
54 468468000
105 274428000
972 51840000
216 355238784
52 314162550
260 183639456
364 128256128
90 54000000
972 51018336
110 837386550
2304 352321536
440 181912500
273 971170200
100 984150000
720 791945000
264 184041000
180 567000000
315 459098640
12 75460000
105 544546800
512 671088640
720 352182600
42 726062400
312 307404240
1500 901756800
96 319966848
120 782265600
48 48600000
63 250047000
144 202500000
832 872415232
216 866681856
1008 42467328
720 405000000
360 192456000
432 317447424
2916 370262016
2816 805306368
2016 786060288
1404 483729408
576 402653184
972 895795200
800 595591168
540 453496320
10624 587202560
324 886837248
9288 574428672
448 738197504
756 181398528
243 906992640
756 181398528
252 181398528
288 544195584
666 204073344
1224 241864704
6656 429981696
512 872415232
5504 536870912
448 570425344
256 402653184
360 544195584
216 181398528
368 402653184
3200 905969664
2844 90699264
12 952342272
216 644972544
1224 272097792
1728 20155392
912 646232256
1856 67108864
1296 594584064
1188 286654464
888 561201696
768 483729408
5400 362797056
756 40310784
2560 134217728
24 771751936
384 234881024
72 621084672
1134 931627008
320 587202560
1296 80621568
240 408146688
896 167772160
27 831409920
4104 423263232
1664 167772160
756 405627264
60 21257640
128 620756992
9728 671088640
640 335544320
4032 272097792
6264 513962496
252 846526464
3712 872415232
768 806215680
180 906992640
468 574428672
576 716636160
128 67108864
4352 838860800
8640 609140736
1998 35831808
1536 748268928
6318 967458816
64 591224832
1152 906992640
1134 453496320
5952 369098752
168 184549376
992 704643072
2484 725594112
4608 833089536
792 498845952
36 376233984
108 534117888
192 884317824
1152 725594112
7168 67108864
2432 872415232
640 849870848
64 603979776
1512 680244480
3360 40310784
8316 408146688
1188 524040192
7296 50331648
216 997691904
408 241864704
846 322486272
108 268738560
3240 362797056
504 161243136
160 201326592
10692 859963392
384 738197504
7128 362797056
4536 906992640
288 698720256
1512 952342272
416 973078528
1296 952342272
24 90699264
6048 994332672
6400 201326592
108 725594112
6192 846526464
900 483729408
4428 846526464
1008 302330880
480 816293376
144 872415232
3528 806215680
1152 513962496
1332 322486272
64 536870912
3240 429981696
1920 201326592
4860 952342272
24 272097792
984 161243136
3402 120932352
1944 493177248
13932 302330880
720 561364992
144 806879232
4104 188956800
1728 120932352
2808 342641664
4320 342641664
432 994332672
256 780140544
27 423263232
4320 816293376
960 536870912
1026 955514880
4320 937225728
960 564350976
648 618938496
288 967458816
2592 67108864
144 537477120
3024 272097792
864 477757440
336 376233984
3456 939524096
2016 52907904
256 50331648
1344 40310784
832 67108864
384 159383552
544 436207616
2048 872415232
216 671846400
1008 980055936
756 997691904
6912 60466176
384 628176384
2700 906992640
1664 939524096
2304 725594112
9088 805306368
768 680244480
768 536870912
216 705438720
1248 385875968
3456 644972544
4320 913711104
1674 831409920
448 469762048
2944 67108864
48 374134464
2376 544195584
2784 107495424
84 214990848
1404 833089536
216 358318080
160 402653184
216 725594112
513 408146688
2484 618098688
1512 272097792
40 671088640
144 420901272
4752 624817152
2700 698720256
2352 60466176
640 67108864
216 120932352
960 513962496
648 174680064
32 218103808
62 199304333
10 728133720
11 137256720
10 557881456
53 488864765
52 426942701
91 834574730
82 959110440
68 226218774
22 497167072
26 514669905
80 299318584
22 452602281
27 447286432
61 780393760
93 679365670
69 807636451
43 772306965
96 74041460
11 202547454
83 868884756
69 221722042
75 347746638
82 959072235
26 249455002
25 115557598
45 422949965
94 824444538
100 305957283
32 269973549
65 383135925
24 121838660
14 402648046
20 438670777
98 770802658
90 434949900
65 965238107
84 224349227
57 112661644
17 610873223
58 937242393
15 641110593
89 97369813
96 255351755
63 947092835
34 446380662
58 608587343
36 173287554
61 357597313
42 554746709
142 224515613
75 819637809
99 315069106
282 763978863
211 752152140
292 853224101
205 700033210
276 120069232
897 76529738
811 157812719
226 975607665
91 461239535
962 796740797
693 544173115
16 29174301
218 372892191
241 227699069
906 598554231
49 49790573
740 654143328
883 362591094
488 806444163
628 227754831
28 271320929
643 817132032
279 825548016
313 220035530
489 379125375
859 660795651
717 652877869
349 977346235
446 330810194
182 867683852
684 637361010
87 876142886
966 43754662
20 821363128
415 234750580
490 644532641
951 425827586
262 552706321
400 149875827
747 54920564
487 529164314
493 105288312
365 819605895
393 821207061
872 65946388
927 41595760
541 801646251
5952 394151049
5177 557586692
2772 790444595
8325 758412781
6165 645736376
1553 251953009
8115 373070421
4629 662011411
9224 890077007
6694 661084404
4377 241672354
4437 210132159
9043 336977959
1507 559161131
8692 808660012
4946 583116948
4526 451112407
3314 735253491
2510 578458117
7734 531150915
2106 854425029
4104 441102933
2316 204940904
1704 992988326
4831 950584208
386 507974311
9482 968003708
6767 811881015
1949 638047983
3507 328170071
8815 363177406
7381 881396862
6791 6485854
3418 542211416
4627 510631566
8439 535448955
9831 329153540
4685 330287515
7157 570766189
6398 855097314
1772 714452386
5843 295241411
9261 839566110
3301 644433452
4237 847848920
7806 603601286
684 290760905
1581 926898956
9220 704270304
1121 599026548
21103 131844966
81532 444721776
57816 863164535
3053 30799211
66153 936208288
21811 859317995
34494 302231928
90919 714192681
29296 366858983
26850 199860120
58699 108803112
89184 227519852
56083 570734821
26179 321199171
44729 968778628
97574 678133099
493 829691971
57925 561393754
5140 776822166
74690 979387721
14223 207607302
1312 701328362
99362 458675402
11501 231213728
54807 68024781
36307 841079257
75997 138281360
21907 529547915
21066 204808003
16562 936884944
93551 252752953
15359 316811721
33662 259654796
84083 116938000
64876 654727340
54933 298002860
66394 456248403
14310 105598157
28799 171384715
45095 40237039
7830 647314027
20419 489148588
67128 964285250
60878 920994818
43993 278037153
81073 457819647
84674 59663319
57269 154265707
89958 959909005
93565 253625595
