100
96 32768
1584 40950
240 61250
196 68607
350 56700
800 64680
1024 65536
704 60480
882 41160
224 79380
784 53900
2106 52488
180 53235
910 56133
396 79200
99 30030
30 61740
240 39690
1470 58800
80 55125
280 75600
378 63000
1680 68600
49 77440
64 65536
6 62208
39 33000
42 49000
65 81081
28 31500
1512 73500
189 42000
32 65536
297 50820
144 41472
1400 77175
260 52052
175 76230
1944 69984
2280 66150
480 70560
22 84700
49 56628
252 49000
800 64800
48 52488
308 49500
110 36960
135 67760
135 36036
96 46656
2304 62208
4032 34992
112 65536
2196 46656
4428 52488
1440 46656
240 36864
1280 32768
792 39366
7560 41472
12 46656
384 65536
432 62208
144 62208
1584 93312
352 65536
2322 46656
36 46656
4212 46656
42532 25807
29306 22602
27786 36262
33284 44697
61108 2982
44594 48743
30069 16248
24575 71364
3767 841
13835 10223
68685 59682
31501 3567
14931 1011
17742 35211
14650 18176
23 20938
143 11061
60 2968
224 12106
461 16527
295 4558
675 21453
36 53398
177 25406
463 26241
715 8593
654 30358
4 35868
843 67078
233 21073
