100
10 54
5 75
36 55
11 42
8 63
15 65
9 50
6 66
8 72
20 30
18 48
10 50
24 54
10 42
15 60
10 49
7 54
12 42
18 75
9 54
6 45
13 52
6 54
14 42
10 72
10 45
20 39
12 72
36 66
14 36
18 45
20 90
21 63
6 72
12 30
14 36
8 40
24 54
5 30
10 42
7 30
6 50
9 44
5 98
14 50
6 52
12 75
6 54
6 63
4 66
12 60
10 72
12 44
6 40
7 63
4 30
12 36
10 70
4 70
7 55
4 40
7 49
10 90
7 33
36 72
10 42
15 72
12 45
4 42
15 45
12 4
3 52
5 3
3 7
7 25
3 54
15 15
17 17
3 66
11 82
8 36
19 45
16 14
2 16
30 25
14 6
19 90
24 12
10 12
11 49
7 7
40 30
15 44
4 7
4 1
4 30
36 48
23 68
10 54
26 24
