100
132 74250
512 90112
312 34398
630 90552
2142 87360
88 73710
280 74088
375 42336
896 90112
280 73500
117 55055
99 19305
60 68040
1716 61710
120 7436
864 56700
528 35100
1260 8100
182 56056
432 17640
728 6875
384 93312
625 74480
350 75600
2275 61740
336 89100
336 11664
300 13728
360 70070
648 62400
735 5040
36 62475
256 98304
112 20020
210 59488
36 50820
432 49572
44 52052
2210 65520
360 14400
36 18000
648 43120
441 60500
450 66150
52 81312
400 54000
1080 15000
504 66096
648 38880
78 91728
984 31104
1408 81920
3168 96768
768 34992
3200 8192
576 23328
672 8192
612 93312
768 77824
702 75816
6336 98496
2304 57344
2916 57024
2240 90112
704 65536
864 69120
3600 69120
288 49152
256 40960
384 5184
40951 540
276 6699
11569 37965
7951 353
16263 16136
26095 454
587 43941
20891 41726
60368 6714
26125 2387
1742 15897
7170 17210
64936 2677
32126 3494
7131 30860
551 24523
784 18014
230 36622
365 36844
17 4356
77 3938
181 11582
494 46496
548 6124
211 16112
76 5319
599 17724
183 75452
290 19949
5 45165
