1000
360 540000000
162 483729408
60 211680000
320 503316480
648 153055008
144 286654464
840 600112800
45 789750000
91 919444500
81 108045000
720 171500000
896 939524096
200 256132800
384 201326592
6 647446800
117 32792760
1470 226203120
150 119070000
1050 842751000
420 62233920
300 50218630
162 52488000
990 390297600
1050 421745940
1260 446512500
120 893025000
480 864000000
300 270112500
70 968083200
84 606780720
14 960180480
143 79751100
525 648270000
120 534462600
1188 725594112
624 853776000
1260 151263000
2618 881188308
104 144639495
132 874800000
630 145345200
70 796446000
250 91351260
56 957381120
315 290424960
27 979776000
416 109051904
80 607500000
112 154594440
468 67567500
180 909562500
54 165957120
1232 421085808
560 403603200
297 608235056
1053 368124750
130 838530000
720 884317824
252 911250000
40 523598075
90 486000000
512 603979776
1008 894612600
154 933817500
72 640332000
400 576240000
420 300982500
6 674575776
1485 332972640
210 355770576
264 336174300
486 806215680
216 695361024
675 963144000
350 939627920
42 776239200
2340 868107240
154 503070750
432 254205875
480 201326592
234 500834880
192 469762048
792 196465500
220 733713750
210 996072000
360 563994900
168 701809680
42 925737120
405 901800900
96 587202560
600 224532000
468 758918160
100 526680000
585 676676000
150 974349810
273 200400200
128 838860800
343 620730000
168 511560000
240 289103904
32 67108864
1664 771751936
960 536870912
105 316964340
1024 905969664
128 469762048
44 54504450
32 100663296
12 107495424
1620 204073344
648 182250000
120 83349000
270 45008460
390 644143500
175 145800000
728 93915360
2184 96040000
840 939991500
512 469762048
108 597196800
8 595591168
840 60025000
1400 385786800
330 656049240
48 66150000
24 268738560
330 676414200
720 466754400
216 967458816
264 900449088
120 648270000
288 35831808
120 629856000
130 526050525
224 219690625
84 77792400
252 249583950
35 699840000
1020 725760000
192 402653184
150 648270000
432 160699616
90 287091000
320 738197504
120 627525360
540 136048896
10 255150000
98 78586200
144 816293376
63 55566000
84 828467640
720 777600000
1000 933120000
84 553807800
1650 757995700
84 188502600
42 85050000
55 392931000
396 846588600
351 923305383
420 465087420
500 574087500
330 371026656
624 101351250
120 803891088
216 801176832
720 831946500
2640 38740086
156 40465425
198 176679360
126 711244800
90 192893400
9 788299776
360 19440000
98 645388800
264 547428000
1666 950796000
125 835312500
216 453496320
182 890662500
168 648270000
120 48404160
110 708750000
150 151875000
1320 615859200
1176 851180400
1620 573873300
105 300982500
36 483729408
224 872415232
56 778177400
144 567000000
2176 402653184
1408 738197504
448 738197504
42 317520000
576 544195584
600 410156250
88 382239000
110 686686000
1680 571536000
512 469762048
21 900900000
240 459270000
480 882090000
168 594247500
490 720720000
6 944622000
30 726062400
216 358318080
273 647446800
384 792410850
256 603979776
256 671088640
105 825552000
720 739027800
324 680244480
225 46957680
210 588014504
154 214714500
96 952342272
672 302702400
420 40336800
180 793800000
245 74405562
980 544546800
660 426465000
486 694575000
180 501645312
70 666792000
64 939524096
832 603979776
144 665557200
330 98611128
30 209952000
2520 321489000
44 752895000
63 522217500
96 574428672
120 936000000
160 947700000
704 691548000
375 509355000
280 959439600
18 322486272
1000 730452800
288 755827200
330 368550000
135 730527336
176 603979776
1500 628897500
420 583443000
560 435637440
216 465813504
1080 637009920
117 676676000
77 874053180
54 328050000
275 129937500
385 654053400
70 800150400
192 872415232
288 73903104
108 634894848
300 431882880
210 166698000
400 485100000
105 59270400
420 360806400
648 786060288
147 816820200
180 518400000
21 829785600
128 822083584
189 727650000
1400 533433600
189 950796000
504 751500750
98 952560000
70 385875000
700 740880000
182 154350000
96 50083488
128 973078528
1650 528273900
2250 453789000
80 553648128
168 504210000
168 857304000
200 296352000
126 503816040
700 578812500
252 481572000
240 886837248
64 419430400
1728 859963392
780 637980000
154 562448656
432 529079040
1440 369515520
630 508540032
720 641520000
588 336336000
300 816820200
126 747054000
1536 134217728
1512 119042784
280 291721500
288 824131584
78 712191480
504 889056000
624 967646680
630 436590000
936 746470296
128 738197504
90 311336025
312 614083470
35 310040640
1326 176576400
1152 770383872
105 802620000
60 66679200
1200 619164000
275 853776000
540 551124000
120 40500000
320 637534208
1512 362797056
588 625865240
18 409909500
1350 423536400
1750 900000000
231 691488000
280 174312600
189 75014100
144 546435072
720 243000000
96 805306368
140 203212800
588 204205050
8 855716400
60 132300000
288 846526464
120 5855850
75 77175000
81 695361024
5 387400860
198 856575000
126 311169600
288 486000000
1120 829785600
1080 80621568
1120 780146640
12 547554816
108 987614208
99 89189100
126 210039480
400 69984000
200 432180000
630 766975440
270 510300000
42 70630560
384 403107840
540 880456500
152 831600000
1400 549491250
126 385875000
1296 584506368
128 402653184
90 885600000
264 93915360
130 245945700
528 401350950
1280 820125000
288 92198400
1287 772972200
648 816293376
864 60466176
256 738197504
459 463513050
462 706796090
120 810000000
1225 429710400
648 362797056
22 918283520
539 203742000
252 120932352
525 239057280
540 831060000
735 190982400
49 291721500
324 174960000
180 492075000
440 506929500
198 305613000
792 76516440
500 739583460
60 288000000
42 315131250
550 864000000
210 747495000
616 418350240
1620 477757440
180 145800000
42 600112800
54 725594112
1280 805306368
390 295750000
336 357357000
8 351351000
55 94474380
450 51226560
1800 194481000
480 309889152
300 641520000
1575 277830000
162 348509952
455 927551625
480 544195584
1183 336813750
140 204120000
330 327927600
144 666792000
1152 671088640
260 614718720
252 975183300
320 335544320
126 129654000
1848 602316000
525 480000000
135 546750000
576 483729408
330 206005800
1040 291600000
640 331914240
168 536760000
210 435781500
60 741487500
896 370594350
525 719579700
1200 42525000
231 770144760
72 818812800
1080 354375000
210 650207250
72 166281984
792 927566640
77 218491000
90 622339200
330 83243160
448 407219400
120 821487744
792 230595750
98 636693750
40 553644000
36 147000000
1080 967680000
30 873281250
750 139968000
192 906992640
1260 500094000
180 465750000
240 896464800
108 927148032
143 421621200
70 377897520
1560 455625000
60 282357600
156 710509800
42 937676250
840 993242250
33 307041735
180 674200800
162 816480000
378 921601800
90 668250000
1584 774219600
539 534143610
450 967443750
660 150714200
144 859963392
84 400207500
315 507507000
162 410879700
1568 677658240
42 152806500
132 998335800
384 167772160
72 716636160
360 248935680
520 23478840
132 891891000
420 276822000
128 268435456
390 245046060
385 617400000
1056 665127936
240 161028000
168 734706000
528 123263910
180 321489000
288 165224448
648 902690250
840 880165440
972 875700000
225 211680000
150 280052640
44 870882012
440 556592256
180 291600000
144 812187648
2100 550368000
180 8103375
168 802620000
216 952342272
720 426057450
66 522972450
20 67108864
150 186526340
120 721710000
18 713097000
100 628897500
294 938223000
60 97200000
637 176576400
504 910910000
288 234881024
312 210830400
440 250440960
42 120748320
330 349387500
640 836854200
780 782223750
675 735306250
6 517603905
44 307461000
2352 416745000
735 850854375
49 812851200
294 603741600
234 56550780
720 126052500
56 562605750
600 137168640
512 351272960
147 223810587
36 688747536
336 354046000
648 779625000
980 813458800
70 70270200
900 250047000
480 125971200
500 847462500
234 941288040
192 268435456
288 322486272
49 874650000
525 339937500
700 133953750
90 714656250
1152 201326592
1280 473303250
72 544195584
576 729000000
40 47250000
726 463783320
1320 360720360
300 806736000
600 939600000
324 564350976
18 903503160
1200 809308500
108 529079040
1440 143327232
70 631260630
462 836293920
264 841680840
64 754110000
1320 894136320
20 970200000
500 972000000
792 794593800
504 428652000
126 965895840
144 734832000
150 530933130
176 298821600
182 115615500
840 598106250
162 564350976
154 976150560
1080 322694400
70 713097000
288 704643072
630 857500000
90 886833360
1400 674956800
120 204073344
630 408240000
3078 136048896
640 738197504
1696 620756992
2112 939524096
1728 249422976
1728 201326592
4096 536870912
200 536870912
5632 67108864
8192 134217728
128 939524096
8640 483729408
256 180355072
864 740710656
640 318767104
2016 103016448
2304 603979776
1792 67108864
864 725594112
1368 589234176
64 603979776
36 483729408
1272 644972544
144 765904896
2304 939524096
32 402653184
72 634894848
1026 967458816
1080 977536512
3672 60466176
1512 612220032
5076 51018336
144 786060288
1088 83886080
864 788299776
256 201326592
816 221709312
192 570425344
3328 671088640
768 725594112
3840 671088640
1728 181398528
4860 861643008
6480 219189888
360 748268928
4644 612220032
1404 806215680
320 301989888
216 537477120
320 402653184
432 886837248
3744 214990848
3600 322486272
1856 805306368
1632 181398528
128 503316480
324 816293376
1296 362797056
1152 975175680
1168 503316480
1008 786060288
800 402653184
3456 704643072
972 423263232
1056 510603264
1280 134217728
2112 369098752
2736 816293376
504 564350976
12 170061120
1080 302330880
480 161243136
540 967458816
54 816293376
3168 644972544
2052 644972544
54 680244480
5724 403107840
2496 989855744
236 218103808
984 45349632
672 916510464
4672 738197504
768 939524096
5472 564350976
360 725594112
1536 335544320
3348 942264576
144 557383680
108 967458816
324 765904896
2432 335544320
192 872415232
60 317447424
324 214990848
4224 738197504
1188 286654464
2736 725594112
672 644972544
972 846526464
64 204073344
288 748268928
1408 167772160
6 174680064
72 68024448
972 362797056
128 637534208
810 786060288
288 358318080
800 872415232
4680 340122240
2754 764411904
3510 967458816
928 268435456
192 268435456
1224 752467968
936 846526464
1188 591224832
324 161243136
192 483729408
1152 931627008
1980 60466176
1404 60466176
10854 997691904
756 302330880
10800 393030144
216 680244480
1344 33554432
10624 402653184
128 536870912
3024 800616960
756 884317824
2835 408146688
300 393030144
1152 952342272
432 201553920
256 457179136
72 680804352
900 80621568
1080 564350976
312 665127936
608 967458816
324 967458816
1836 906992640
1944 680244480
2592 564350976
648 537477120
132 544195584
64 268435456
1104 680244480
648 423263232
2944 318767104
9828 483729408
7056 584506368
128 997691904
7296 997691904
1056 634894848
128 419430400
138 30233088
256 738197504
1296 604661760
1472 671088640
2432 587202560
624 423263232
1512 483729408
400 201326592
384 700710912
156 782281152
1216 761266176
2176 402653184
2304 161243136
3968 939524096
18 544195584
1512 584506368
1836 755827200
2160 886837248
6372 716636160
7040 100663296
432 591224832
1536 302330880
270 312408576
384 436207616
6912 822083584
918 765904896
2997 445906944
480 340122240
1440 591224832
864 698720256
248 706740224
2232 71663616
128 83886080
432 861643008
432 906992640
2240 671088640
1584 668860416
432 483729408
1296 143327232
672 939524096
2016 362797056
3840 134217728
8 872277419
35 436263311
55 610668061
47 245004649
32 650546568
8 767177794
73 816955604
44 19947216
61 218632301
76 190396227
65 570839879
91 157225198
31 571361980
37 414547309
60 974295671
19 524752142
46 572421748
95 953809439
4 309634001
2 700896586
95 747359870
3 232160006
12 927639213
35 793777259
34 818084648
35 77561810
44 619108003
26 603694663
30 890287865
50 546340751
82 269038413
4 193893232
11 73260973
60 177719391
4 712457263
34 571832072
52 732212039
64 652004088
82 449354649
4 261064338
98 167232332
5 450705051
29 584557622
94 483441019
94 782984899
47 825356728
45 361760476
6 995287841
96 881944540
15 158283274
380 62402644
959 740572201
907 275720811
511 345150293
63 283289115
786 622030666
583 536088329
802 521979502
267 20569033
298 241465129
368 66922660
400 147487959
549 184514113
282 462921063
908 344681025
974 670941464
206 272150691
136 697739279
33 265169927
849 965285205
806 103468574
863 620970269
540 106978038
891 114164965
8 382627179
66 479363834
202 550882977
668 620412362
149 762426511
468 468649238
325 885565825
99 193671600
251 728996177
156 400996026
649 510010354
181 365235678
801 771215624
831 923467740
993 520352484
35 6107898
815 86965579
621 492816866
820 243534247
490 47630871
546 170289534
203 511755235
163 128417860
602 148090949
56 785578413
992 928094776
1704 476204024
8975 644273030
4443 694879008
5880 134539844
9480 27230827
9044 721585548
7226 139859856
3475 312776258
877 586017450
5833 537754423
3725 999319503
4451 755634179
6267 144706209
7093 89209865
2993 64855142
2036 980547896
4300 489847220
4128 29962163
2748 808348966
5708 818993454
618 771386054
6463 231753532
6126 194835576
1118 678665207
7677 457602394
5576 236345561
1708 233493048
2618 536533905
1775 294381560
8146 309673765
3389 840700910
9868 864600858
3383 160860087
3593 883757202
2325 877204568
8486 927701783
3230 607564969
4944 419271774
7625 791647267
325 402452970
7928 414403785
4235 753298479
2953 131991330
8417 13145985
2828 78176405
1204 458233502
1265 210052723
1275 761715273
6586 61046894
8178 946813322
33034 252664218
67158 168626269
11916 984999243
4743 672715873
15525 54124187
48273 460493782
60312 656388360
79932 617478272
15492 594568940
53588 257604845
60050 336062249
16447 579695207
97789 738978475
4666 404323763
40556 261439581
85596 822466135
25322 608555513
29917 385614615
79389 372472704
88677 794387571
70864 373224283
47919 603067791
15963 770582511
36342 894692679
47135 686987707
68910 224197281
59449 403211581
94813 462194157
1418 99073187
85440 360716965
92871 716299033
38494 267517050
89114 302316838
93628 480024652
20727 817010285
37168 507749502
72986 249807384
80663 351309594
68266 878479716
88071 148346033
30246 790685007
48863 143803427
29908 761776235
20225 421042707
90191 705533294
48753 287094548
90225 937239844
49041 338801096
84228 176599768
86669 778310851
