YES
010010101010101
001010101010101
101010101010100
101010101010010
101010101001010
101010100101010
101010010101010
101001010101010
YES
010000000000000000000000000000000000000000000000000100000000000000000000000000000000000000000000000
001000000000000000000000000000000000000000000000000100000000000000000000000000000000000000000000000
001000000000000000000000000000000000000000000000000010000000000000000000000000000000000000000000000
000100000000000000000000000000000000000000000000000010000000000000000000000000000000000000000000000
000100000000000000000000000000000000000000000000000001000000000000000000000000000000000000000000000
000010000000000000000000000000000000000000000000000001000000000000000000000000000000000000000000000
000010000000000000000000000000000000000000000000000000100000000000000000000000000000000000000000000
000001000000000000000000000000000000000000000000000000100000000000000000000000000000000000000000000
000001000000000000000000000000000000000000000000000000010000000000000000000000000000000000000000000
000000100000000000000000000000000000000000000000000000010000000000000000000000000000000000000000000
000000100000000000000000000000000000000000000000000000001000000000000000000000000000000000000000000
000000010000000000000000000000000000000000000000000000001000000000000000000000000000000000000000000
000000010000000000000000000000000000000000000000000000000100000000000000000000000000000000000000000
000000001000000000000000000000000000000000000000000000000100000000000000000000000000000000000000000
000000001000000000000000000000000000000000000000000000000010000000000000000000000000000000000000000
YES
0100000000000000000000000000000000010000000000000000000000000000000010000000000000000000000000000000
0010000000000000000000000000000000010000000000000000000000000000000010000000000000000000000000000000
0010000000000000000000000000000000010000000000000000000000000000000001000000000000000000000000000000
0010000000000000000000000000000000001000000000000000000000000000000001000000000000000000000000000000
0001000000000000000000000000000000001000000000000000000000000000000001000000000000000000000000000000
0001000000000000000000000000000000001000000000000000000000000000000000100000000000000000000000000000
0001000000000000000000000000000000000100000000000000000000000000000000100000000000000000000000000000
0000100000000000000000000000000000000100000000000000000000000000000000100000000000000000000000000000
0000100000000000000000000000000000000100000000000000000000000000000000010000000000000000000000000000
0000100000000000000000000000000000000010000000000000000000000000000000010000000000000000000000000000
0000010000000000000000000000000000000010000000000000000000000000000000010000000000000000000000000000
0000010000000000000000000000000000000010000000000000000000000000000000001000000000000000000000000000
0000010000000000000000000000000000000001000000000000000000000000000000001000000000000000000000000000
0000001000000000000000000000000000000001000000000000000000000000000000001000000000000000000000000000
0000001000000000000000000000000000000001000000000000000000000000000000000100000000000000000000000000
YES
0100100100101001001010010010010100100101001001010010010010100100101001001010010010010100100101001001
0010100100101001001010010010010100100101001001010010010010100100101001001010010010010100100101001001
0010100100101001001010010010010100100101001001010010010010100100101001001001010010010100100101001001
0010100100101001001010010010010100100101001001001010010010100100101001001001010010010100100101001001
0010100100101001001001010010010100100101001001001010010010100100101001001001010010010100100101001001
0010100100101001001001010010010100100101001001001010010010100100101001001001010010010100100100101001
0010100100101001001001010010010100100101001001001010010010100100100101001001010010010100100100101001
0010100100101001001001010010010100100100101001001010010010100100100101001001010010010100100100101001
0010100100100101001001010010010100100100101001001010010010100100100101001001010010010100100100101001
0010100100100101001001010010010100100100101001001010010010100100100101001001010010010010100100101001
0010100100100101001001010010010100100100101001001010010010010100100101001001010010010010100100101001
0010100100100101001001010010010010100100101001001010010010010100100101001001010010010010100100101001
0010010100100101001001010010010010100100101001001010010010010100100101001001010010010010100100101001
0010010100100101001001010010010010100100101001001010010010010100100101001001001010010010100100101001
0010010100100101001001010010010010100100101001001001010010010100100101001001001010010010100100101001
NO
