5 5000
65 2 4
45 3 5
61 0 0
9 0 0
4 0 0
1 2 33
1 3 69
3 2
1 1 51
1 2 77
1 2 9
1 3 6
1 1 82
3 3
3 4
1 5 61
3 3
1 2 21
3 1
1 4 76
3 5
3 3
1 3 47
1 2 51
3 2
1 5 20
3 4
1 1 98
3 1
3 4
3 2
3 4
3 1
1 2 77
1 3 63
3 1
1 1 81
1 5 98
1 5 19
1 3 51
1 4 21
3 2
3 3
3 1
1 2 81
1 2 78
1 4 33
3 1
1 2 59
3 3
3 2
3 3
1 5 41
3 1
3 1
3 5
1 2 63
3 1
3 1
3 1
1 1 20
3 5
3 3
1 3 45
3 2
3 4
1 3 96
3 2
1 3 31
1 2 77
1 5 65
3 1
3 1
3 2
3 5
1 5 36
3 3
3 2
3 5
1 4 45
3 4
3 2
3 5
3 4
1 5 65
1 4 85
3 3
1 3 51
3 5
1 5 31
1 3 62
1 2 3
3 5
1 3 61
3 4
1 5 4
1 1 59
3 4
3 4
3 2
3 3
3 3
1 5 71
3 5
3 4
3 4
1 3 65
1 2 69
3 4
1 4 1
1 2 13
3 2
1 1 73
1 1 56
3 3
1 1 21
1 2 37
1 5 21
3 2
1 2 13
3 4
1 1 2
1 5 37
3 1
1 2 47
1 3 57
3 1
3 2
1 5 92
1 2 90
1 5 78
1 5 27
3 2
3 3
1 4 58
1 3 54
3 1
3 1
3 2
3 3
1 2 65
3 3
3 2
3 4
1 3 40
3 4
3 3
1 5 41
1 2 97
3 4
3 5
1 4 83
1 1 76
1 1 53
3 3
1 3 87
3 5
1 5 81
1 1 19
1 3 33
3 5
3 1
3 3
1 5 53
1 2 72
1 3 51
3 2
3 3
3 3
3 4
1 4 87
1 5 82
1 5 17
1 2 1
1 5 83
1 4 33
3 4
3 3
1 5 35
1 1 30
1 1 39
3 3
1 3 25
3 1
1 1 65
3 1
1 3 81
3 5
1 2 6
3 2
1 2 95
1 1 41
3 4
3 2
1 2 36
1 1 68
1 1 82
1 2 69
3 5
1 1 47
3 3
1 5 97
1 4 95
1 4 1
3 4
3 5
3 5
1 3 85
3 2
1 1 39
1 5 47
1 5 5
3 4
1 5 21
1 5 69
3 2
1 3 21
3 2
1 1 3
1 3 1
3 4
3 4
3 4
3 3
1 3 57
1 4 61
3 3
3 4
1 4 41
3 2
3 3
3 3
3 2
3 3
1 4 97
3 4
3 5
3 4
3 2
3 2
3 1
1 4 96
3 5
1 5 69
1 3 57
3 2
1 4 87
3 4
3 2
3 1
3 1
1 5 44
1 4 33
3 3
3 1
3 3
1 1 79
3 4
1 3 43
1 4 20
3 5
1 4 89
3 5
3 1
3 2
3 2
1 1 81
1 5 93
1 1 76
1 1 89
3 1
1 4 31
3 4
1 3 1
3 3
1 5 79
1 1 53
1 3 57
1 1 41
1 5 41
3 1
1 1 52
1 2 63
1 1 24
1 4 43
3 3
3 4
1 2 95
3 5
1 2 51
3 4
1 2 33
1 2 1
1 4 45
3 3
1 1 60
1 5 7
3 1
1 5 97
3 1
1 3 13
1 5 38
3 5
3 2
1 1 45
1 2 49
1 3 62
1 4 30
1 4 97
3 2
3 1
1 5 95
3 1
3 5
3 2
3 3
1 3 53
3 3
1 2 25
1 5 31
1 4 53
1 1 4
1 3 64
1 5 76
3 3
3 5
3 1
3 5
1 2 1
1 1 39
1 1 3
3 4
1 3 33
3 5
1 1 8
1 1 97
1 4 69
3 4
3 4
1 1 63
3 2
3 3
3 5
3 2
3 3
1 1 82
1 3 8
3 3
3 3
1 4 19
1 3 1
3 4
3 2
3 1
3 5
3 2
1 5 81
1 2 95
3 2
3 1
3 3
1 5 61
1 1 47
1 3 21
3 3
3 1
3 1
3 1
1 2 84
3 4
3 5
1 3 51
3 3
3 2
3 1
3 2
1 2 61
3 5
1 2 71
3 3
3 1
1 3 77
1 2 11
3 2
3 2
1 4 31
1 3 17
3 1
1 4 63
3 5
1 4 27
3 3
1 1 85
1 3 11
3 1
3 5
1 5 45
3 2
1 5 25
3 4
1 4 2
3 5
1 3 91
1 3 36
3 5
3 4
1 5 61
3 4
1 3 83
1 4 61
1 2 61
3 2
3 5
1 2 77
3 1
3 5
3 2
3 4
3 4
3 4
1 1 7
1 1 89
3 4
1 4 97
1 5 97
3 3
1 1 13
3 2
1 4 53
1 2 45
1 1 41
3 2
1 2 16
1 4 33
1 4 59
3 1
3 5
3 5
1 2 9
3 1
1 5 58
1 2 1
3 3
1 3 95
3 3
1 2 81
1 2 91
1 4 3
3 3
1 1 34
1 2 61
1 4 6
3 1
3 4
1 2 25
3 1
1 5 69
1 3 39
1 2 37
3 4
3 5
3 1
1 1 81
3 3
1 5 78
1 3 32
1 2 44
1 2 43
3 1
1 1 3
3 4
1 5 9
1 1 35
1 5 1
3 4
1 4 49
3 3
3 5
3 1
3 2
1 1 1
1 3 41
1 1 61
1 2 21
1 3 25
1 5 41
1 5 64
3 2
1 2 47
3 4
3 5
3 2
1 3 59
3 2
3 3
3 3
3 4
1 4 11
1 4 1
1 5 77
3 4
1 5 1
1 2 13
1 4 11
3 2
1 4 87
3 1
1 2 85
1 1 13
3 3
1 5 11
1 1 27
3 4
1 3 13
3 3
1 4 69
3 5
1 1 97
3 4
1 1 97
3 4
1 2 34
1 5 97
3 4
1 3 1
3 1
3 4
1 5 50
3 3
1 1 18
3 1
3 1
1 4 82
3 4
3 4
1 3 41
3 2
1 1 1
1 3 16
3 3
3 3
3 2
1 5 1
3 4
1 4 3
3 3
1 1 91
3 2
3 4
1 3 46
1 5 41
3 2
3 3
1 3 41
1 4 49
3 4
1 2 91
1 3 71
1 3 13
1 1 53
3 5
1 1 58
3 5
3 5
1 5 39
3 3
1 3 90
1 3 85
3 3
1 5 81
3 2
3 4
1 4 49
1 5 37
1 2 33
1 1 85
1 3 11
1 1 51
3 4
3 2
1 1 57
1 5 29
1 1 41
3 2
1 5 9
1 4 100
1 2 77
3 2
3 3
1 3 29
3 5
3 5
3 1
1 4 11
1 4 37
1 2 27
3 1
1 5 82
1 1 48
3 4
1 1 77
3 4
3 4
3 3
1 2 81
3 3
3 3
3 3
3 5
1 5 57
1 4 5
1 5 89
1 1 93
1 4 1
1 1 51
3 4
1 2 55
1 5 95
3 5
3 1
3 2
3 1
3 1
3 3
3 4
1 5 21
1 4 88
1 3 51
3 3
3 4
3 4
1 1 12
3 4
1 3 41
3 2
1 2 5
3 1
1 3 25
1 2 25
3 1
3 2
3 2
3 5
1 2 31
3 5
1 1 99
1 2 98
3 3
1 2 93
1 5 81
3 1
3 4
1 3 73
1 3 8
3 1
1 2 13
1 4 73
1 5 21
3 5
1 1 94
3 2
3 5
3 2
1 2 99
1 5 63
3 4
3 4
3 5
1 2 76
1 3 85
3 3
1 5 56
1 1 96
3 2
3 5
3 5
3 5
1 4 42
1 4 81
3 1
3 1
3 3
3 4
1 1 79
1 2 93
1 1 85
3 2
3 3
1 2 61
1 4 35
3 4
1 1 93
1 4 21
1 2 85
3 3
1 5 37
3 5
1 1 54
3 5
1 3 1
3 5
3 2
1 1 99
1 5 41
1 4 81
1 4 81
1 1 5
1 2 35
1 3 33
3 4
3 5
1 4 53
1 3 76
1 1 13
3 5
3 5
3 5
3 4
1 2 37
3 2
1 2 100
1 2 45
3 2
3 1
3 4
1 3 100
1 2 81
1 3 29
1 2 57
3 4
3 1
1 2 95
1 4 83
3 3
1 1 3
1 4 41
3 3
1 1 66
3 3
3 3
1 1 23
1 2 27
1 5 24
3 3
1 3 11
3 2
3 4
1 3 69
3 4
1 4 11
3 5
3 5
3 2
3 4
3 5
1 3 81
3 4
1 3 1
1 3 25
3 1
3 1
1 5 26
3 3
1 1 70
3 1
3 2
3 3
3 3
3 5
1 2 1
3 4
3 5
1 3 37
3 2
3 5
1 5 11
3 2
3 5
1 2 21
1 2 31
1 1 22
3 3
1 3 1
3 4
1 1 81
1 4 44
3 4
1 3 96
3 5
3 5
3 5
3 3
1 4 29
3 4
1 1 64
1 2 4
1 4 15
1 4 41
1 1 89
1 2 45
1 3 25
1 4 13
3 5
3 3
1 4 7
1 5 46
1 1 9
1 1 5
3 2
3 3
1 1 1
3 4
1 4 35
3 5
3 3
1 4 21
3 5
1 4 96
1 1 41
3 2
1 5 96
1 5 1
3 1
3 2
3 5
1 2 21
1 2 69
3 5
1 1 11
3 1
1 4 86
3 5
1 2 88
1 5 78
1 5 1
1 4 73
1 4 21
3 3
1 1 51
3 1
3 5
3 5
1 3 41
3 2
3 3
1 4 21
3 5
1 2 23
1 4 8
3 3
1 1 51
3 3
3 4
3 2
3 1
3 5
1 2 85
3 3
3 3
3 2
3 4
1 3 68
3 2
1 1 17
3 2
1 5 86
3 5
1 4 86
3 5
3 5
1 3 29
3 5
3 4
3 4
3 1
3 4
1 3 45
3 2
3 1
3 5
3 3
3 4
1 4 36
3 5
3 2
3 5
3 3
1 4 1
3 3
1 1 41
3 3
3 2
1 5 73
3 3
1 1 85
1 4 91
3 5
3 1
1 1 76
1 3 21
3 3
3 4
3 1
3 1
3 5
3 4
3 5
3 5
3 1
3 3
3 4
3 2
3 5
3 5
1 5 51
3 4
1 5 81
1 4 21
1 5 11
3 4
1 3 45
3 2
3 3
3 2
3 3
1 2 59
1 3 76
3 2
3 5
3 1
3 2
1 5 10
3 1
3 3
3 2
1 4 35
1 1 85
3 5
1 5 21
3 1
3 1
3 5
3 4
3 5
1 1 91
3 2
3 4
3 5
3 5
3 3
1 3 84
1 4 23
3 2
1 2 15
1 2 67
1 5 61
3 2
3 5
1 1 27
1 2 33
1 4 5
1 4 37
3 4
3 5
1 1 63
1 3 26
1 4 73
3 2
1 2 69
1 2 71
3 4
3 5
1 2 45
1 5 47
1 4 46
1 3 51
1 2 32
1 4 31
1 4 91
1 2 81
1 1 73
1 2 39
3 1
1 4 55
1 4 19
1 2 97
3 2
1 4 21
3 1
1 3 37
1 4 50
3 4
3 4
1 1 38
1 1 49
3 2
1 5 25
1 3 58
1 5 81
3 3
1 5 28
3 4
1 3 81
3 3
1 5 28
3 1
1 4 97
3 1
1 1 51
1 3 91
1 3 37
1 1 60
3 5
1 4 16
1 2 98
1 5 5
3 2
3 1
1 4 20
1 3 39
1 1 38
3 2
1 3 59
1 4 51
1 2 72
3 2
3 2
3 5
1 3 7
3 4
3 5
1 4 36
1 2 35
1 5 81
3 2
3 1
1 3 69
1 4 92
1 2 61
3 5
3 1
1 5 17
1 4 26
1 1 13
1 5 31
3 2
3 3
1 3 53
1 1 6
1 4 80
3 4
1 5 46
1 3 57
1 1 82
1 1 86
3 3
3 1
3 4
3 4
3 4
3 1
1 1 45
3 1
3 4
1 4 61
3 2
1 1 13
1 2 31
1 2 5
3 4
1 2 51
1 2 77
1 3 67
1 3 95
1 5 27
3 1
1 4 9
1 3 81
1 5 21
3 1
3 4
1 1 43
1 1 68
1 5 85
1 5 32
3 2
3 5
3 1
1 2 35
1 2 37
1 4 86
3 2
1 5 17
1 2 83
3 4
1 2 51
1 4 89
1 2 41
1 1 56
3 3
1 3 34
1 2 97
3 2
3 4
1 1 85
3 5
1 2 41
1 3 45
3 5
1 4 51
1 1 27
1 4 24
1 2 51
3 5
3 5
3 2
3 3
1 5 42
3 4
3 2
1 3 43
3 4
1 3 49
1 5 70
1 5 80
3 1
1 3 99
3 3
1 3 19
1 1 80
1 3 6
1 3 51
1 4 73
1 1 41
1 2 31
3 3
1 5 1
3 3
1 1 17
3 3
1 1 75
1 1 33
1 3 99
3 5
1 3 57
3 5
3 1
1 4 68
3 2
1 3 1
1 1 1
1 5 25
1 5 43
3 2
1 5 76
3 5
1 2 73
3 1
1 4 61
3 2
3 1
3 4
3 4
1 4 91
1 2 69
3 5
1 3 11
1 4 72
1 3 13
3 4
1 4 76
3 3
3 4
1 1 25
1 4 25
1 5 56
3 4
3 1
1 1 60
1 5 9
1 5 1
1 5 22
1 5 69
1 5 100
1 2 64
1 5 22
1 2 71
1 1 71
1 5 51
1 2 41
3 2
3 3
3 2
3 2
3 3
3 3
1 3 69
1 5 25
3 4
1 3 8
3 4
3 1
1 1 6
1 3 57
3 4
1 2 5
3 3
1 4 46
3 2
1 4 13
1 1 49
3 1
3 4
3 2
1 2 98
3 4
3 3
1 5 11
3 1
1 2 64
1 5 63
1 3 26
3 3
3 3
1 5 81
3 2
3 2
3 5
1 2 1
3 2
1 1 81
1 3 96
1 1 85
1 1 23
3 5
1 2 68
3 2
1 4 43
1 4 74
3 1
1 2 41
3 3
3 3
3 5
1 3 50
3 2
1 2 69
3 1
3 2
3 2
3 2
1 4 43
3 4
3 1
3 3
3 5
1 3 93
1 1 10
3 5
3 4
3 4
3 5
1 1 14
1 1 81
3 2
3 4
1 2 6
1 3 81
3 2
1 4 1
3 5
3 5
3 2
3 1
1 4 81
1 4 63
3 1
1 3 83
1 1 19
1 1 93
3 3
3 2
3 3
1 1 37
1 5 91
3 2
1 3 24
1 2 56
1 1 25
3 3
1 4 21
1 4 49
1 4 41
3 1
1 5 57
1 2 61
1 1 77
3 5
1 3 17
3 5
1 5 37
1 5 27
1 2 25
1 2 73
1 3 89
3 5
3 4
3 2
3 1
3 1
1 3 49
1 3 97
1 4 77
3 1
1 5 64
1 5 9
3 2
1 3 1
3 3
1 5 25
3 4
1 1 21
3 4
1 4 89
3 2
1 5 57
3 1
1 4 7
1 1 65
3 1
1 3 33
1 2 36
3 4
1 1 44
3 3
3 4
1 1 81
1 3 29
3 4
1 1 70
3 1
1 5 43
1 1 93
1 5 81
3 5
1 5 42
1 4 19
1 1 96
1 5 67
1 4 57
1 4 75
1 4 72
1 5 15
1 3 77
3 2
3 3
3 1
3 2
3 5
3 3
1 4 97
3 5
3 2
1 5 61
3 2
1 2 61
3 3
3 1
1 5 3
3 2
1 4 32
3 3
1 1 89
1 1 41
3 5
1 3 10
3 5
3 4
3 3
3 2
3 5
1 1 21
1 2 41
3 5
1 5 26
1 3 1
1 5 19
1 1 51
1 1 39
1 5 8
3 1
1 1 57
1 2 92
1 3 66
1 4 71
1 3 67
1 2 91
3 1
3 4
1 5 93
1 5 7
3 3
1 3 83
3 5
1 4 93
3 1
1 4 96
3 3
1 1 91
3 1
3 2
1 2 76
1 4 25
1 5 31
3 5
1 3 74
3 5
3 1
3 4
3 3
3 5
3 3
3 1
3 4
1 2 74
1 4 56
1 3 5
1 3 97
3 5
1 3 36
1 5 1
3 5
1 5 62
1 3 1
3 5
1 2 88
3 2
1 4 92
3 3
1 4 13
3 4
1 2 88
3 5
3 3
3 5
1 5 73
3 4
3 4
3 4
1 5 73
1 3 99
3 5
1 3 89
1 5 85
3 3
1 2 32
3 3
1 2 25
1 4 30
3 1
3 3
1 3 83
1 4 7
1 1 28
3 2
1 1 34
3 5
1 4 59
3 2
1 2 37
1 4 27
3 3
3 2
1 5 45
3 4
3 4
1 4 71
1 1 92
3 1
1 1 17
1 1 94
1 1 81
3 4
1 5 75
1 3 31
3 1
1 4 86
3 1
3 4
3 5
1 3 51
3 1
1 5 18
1 1 23
1 5 15
1 2 1
3 4
1 2 45
3 1
1 3 93
1 5 93
1 2 41
1 2 17
1 1 91
1 4 81
3 5
1 4 65
3 1
3 5
1 5 81
3 2
1 3 27
3 2
3 5
3 3
1 5 16
1 5 29
1 1 41
3 4
3 2
1 4 45
3 3
3 1
3 4
3 4
1 5 69
3 3
3 2
3 1
1 1 5
3 5
3 1
3 2
1 2 53
3 3
1 5 11
3 4
1 4 8
1 5 51
3 4
1 4 57
3 3
1 4 77
1 1 61
1 3 76
3 4
1 4 32
3 1
3 3
1 2 5
1 5 26
3 5
1 4 61
3 3
3 1
3 2
3 1
1 1 1
3 4
1 4 16
3 3
1 4 26
3 3
3 3
1 5 9
1 4 74
3 1
1 5 19
1 4 21
3 3
1 4 54
3 2
1 5 87
1 2 77
3 1
1 4 91
1 3 81
3 3
1 3 66
1 4 85
1 1 41
1 3 77
3 4
1 1 85
1 4 76
3 5
3 3
1 5 99
1 3 19
1 5 32
3 3
1 1 80
3 5
3 5
3 5
1 1 1
3 1
3 1
1 2 45
1 3 2
1 4 23
1 1 85
3 3
3 4
1 2 57
3 4
1 3 83
3 3
3 4
3 3
3 4
3 1
1 3 34
1 1 61
3 4
3 4
3 5
1 2 34
1 2 37
3 3
1 1 90
1 3 31
3 4
1 5 51
3 3
3 5
3 2
1 5 69
3 1
1 5 61
1 1 1
3 4
1 4 25
1 5 53
3 4
3 3
1 4 77
1 4 43
3 1
3 4
3 5
3 4
1 3 61
1 5 1
3 4
1 2 1
3 4
1 4 45
3 3
1 1 21
3 2
1 3 85
3 3
1 5 66
3 2
3 3
3 1
1 5 91
1 5 71
1 2 41
3 4
3 1
3 4
3 4
3 5
1 1 15
3 5
1 3 31
1 4 97
1 1 77
1 4 13
3 3
3 5
1 5 45
1 3 18
3 3
1 2 46
1 2 57
1 1 81
1 1 59
1 1 49
1 2 24
3 4
3 1
1 3 89
3 2
1 1 66
1 1 9
1 4 81
3 2
3 5
3 5
1 4 12
3 5
1 1 13
1 5 77
1 2 10
1 1 52
3 1
3 2
1 1 94
1 5 21
3 3
1 3 77
3 4
1 3 45
1 3 19
3 4
3 4
3 4
1 4 29
3 1
1 1 45
1 3 29
1 5 81
1 5 97
1 4 87
1 4 34
1 1 75
3 2
3 5
3 4
1 1 76
1 3 47
3 3
3 5
1 4 53
3 1
1 5 61
3 2
3 1
1 3 1
1 1 83
1 4 45
1 1 65
1 3 71
3 5
3 2
1 3 91
1 3 81
1 2 17
1 3 35
3 1
3 5
1 1 40
1 4 17
3 3
3 2
3 5
3 3
1 1 33
1 5 12
1 2 81
1 4 1
1 3 1
3 5
1 4 9
3 4
1 4 57
1 2 13
3 2
1 4 38
3 3
1 4 63
1 4 11
1 4 5
1 3 68
1 2 61
3 1
1 3 95
3 3
3 5
1 2 29
3 1
3 1
1 3 75
1 3 80
3 2
3 4
1 2 97
3 5
1 5 3
1 2 28
3 4
1 5 49
3 4
1 3 59
3 2
3 1
1 3 13
3 3
1 1 17
1 5 45
1 2 17
3 4
1 2 97
3 1
3 2
3 2
3 3
1 5 5
3 2
3 1
3 1
3 5
1 4 5
3 5
1 2 13
1 1 1
1 5 45
3 2
1 3 3
1 3 36
3 5
1 4 92
1 2 89
3 3
3 4
3 4
1 3 75
3 3
3 4
3 5
3 2
1 5 15
3 3
3 5
1 2 95
1 3 33
1 3 16
1 3 83
1 4 41
1 5 37
1 3 63
1 2 41
1 2 69
3 2
3 5
3 2
1 5 39
3 1
1 3 45
1 3 13
3 4
3 3
3 3
3 2
3 3
1 3 17
1 1 60
1 4 22
1 5 15
1 2 41
1 2 89
3 3
3 4
3 3
3 5
3 5
1 1 21
1 5 41
3 5
1 5 21
1 5 41
1 4 41
3 3
3 1
1 2 78
3 5
1 5 26
1 5 44
1 3 67
1 1 52
3 4
3 2
3 5
3 4
1 5 18
3 4
1 3 10
1 4 85
3 5
3 1
1 1 45
3 3
3 5
1 5 21
1 4 73
1 2 41
1 5 87
1 2 86
3 3
3 3
3 5
1 4 49
1 3 16
3 4
1 4 27
1 3 21
3 4
1 2 78
3 4
3 4
3 5
1 2 25
3 5
3 4
1 1 85
1 5 78
3 3
3 3
3 1
3 5
3 3
1 4 1
1 3 19
3 5
1 3 73
3 1
1 1 13
1 2 56
3 4
3 3
1 1 11
3 1
3 1
1 2 1
1 2 51
3 1
1 2 16
1 4 99
3 1
1 2 26
1 1 7
1 1 16
1 4 13
1 5 62
1 3 29
3 1
3 4
1 1 1
3 1
3 1
1 3 66
1 3 62
1 4 17
1 4 1
1 1 65
3 3
3 5
3 5
1 1 47
3 1
3 5
1 5 57
1 3 21
1 2 46
3 4
1 5 75
3 3
3 5
3 3
1 4 41
3 5
1 1 56
3 2
1 5 12
3 2
1 3 53
3 3
3 5
1 3 12
3 2
1 4 71
3 3
1 4 54
1 3 47
1 1 1
1 5 76
1 3 28
3 5
1 5 66
1 5 67
3 5
3 4
3 3
1 1 86
1 2 55
1 5 21
1 1 13
3 1
1 5 1
1 4 81
3 1
1 2 46
1 4 55
1 4 81
1 5 89
1 2 97
1 5 79
1 5 65
1 2 31
3 2
3 4
3 4
1 3 35
3 4
3 4
3 3
3 3
3 2
1 2 66
1 1 1
1 5 41
3 4
1 5 17
1 4 99
1 4 25
3 4
1 4 75
3 2
1 3 52
3 1
3 2
1 3 41
3 4
3 1
3 1
1 4 76
1 1 75
1 4 7
3 5
3 4
3 5
3 2
1 3 79
1 2 91
3 4
1 1 18
3 5
1 5 81
3 2
3 5
3 1
1 4 11
3 1
3 2
3 4
3 3
1 1 35
3 5
1 3 30
3 2
3 2
1 5 9
1 5 61
3 2
3 2
3 3
1 1 35
3 3
1 2 5
1 5 91
1 4 82
1 2 88
1 5 91
1 5 1
3 3
3 1
3 3
3 2
3 2
1 5 1
1 2 78
1 1 5
1 1 21
1 3 21
1 3 93
3 4
1 2 41
1 5 62
1 4 24
3 1
1 4 23
3 3
1 2 80
1 4 88
3 1
1 3 63
1 5 17
3 5
1 1 44
1 3 41
1 1 97
1 4 41
3 5
1 5 85
3 5
3 2
3 1
3 3
1 5 21
3 4
1 5 63
1 4 91
1 5 47
1 4 85
1 2 81
1 3 33
1 1 1
3 5
3 5
1 2 25
3 3
3 1
3 3
3 2
1 3 17
3 4
3 2
1 2 26
3 2
1 4 82
1 4 11
1 3 9
1 5 48
1 4 51
1 5 17
1 2 19
3 5
3 2
3 5
1 3 23
3 1
1 5 33
1 1 14
3 4
1 5 34
3 3
3 2
1 4 56
3 5
3 5
3 4
3 2
1 1 71
1 1 89
3 2
3 5
3 1
1 3 74
1 2 82
3 5
3 2
1 3 86
3 5
3 5
1 5 67
3 2
1 5 41
1 4 51
3 5
3 4
3 1
3 2
3 2
1 3 1
1 3 39
3 4
1 3 59
3 3
1 3 69
1 2 93
3 1
1 5 43
1 1 25
3 2
1 5 23
3 4
1 3 1
3 4
3 2
1 3 52
3 1
1 4 18
3 2
1 2 67
1 5 37
1 4 46
1 2 51
3 5
3 1
1 5 1
1 3 45
3 3
1 4 55
3 5
1 1 7
3 2
1 5 51
3 4
1 3 97
1 3 57
1 5 83
3 4
1 2 41
1 2 66
3 4
1 4 49
3 1
3 1
3 2
1 4 26
3 5
3 3
3 5
1 5 77
1 1 1
1 3 95
1 2 81
3 1
3 5
1 4 5
1 1 73
3 1
1 1 91
1 2 49
1 1 23
3 2
1 2 36
1 3 59
1 2 41
3 5
1 2 7
1 4 98
3 4
1 3 51
3 1
3 4
1 5 9
3 2
3 4
3 4
1 5 31
3 4
1 3 53
1 2 31
3 5
1 1 33
3 4
3 2
3 4
3 1
3 1
3 1
1 1 11
1 4 73
3 2
3 5
1 5 57
1 3 41
3 1
3 1
1 2 58
3 2
3 3
1 5 1
3 1
3 3
3 5
3 5
3 4
3 4
1 4 47
3 2
1 1 72
1 1 78
1 4 93
3 3
3 1
1 4 100
3 1
1 1 70
1 5 87
1 2 73
1 2 71
1 4 93
3 1
1 2 67
3 4
3 3
1 4 93
3 1
3 5
3 1
3 5
3 2
3 4
1 2 49
3 1
3 2
3 3
3 1
3 1
3 5
3 1
1 2 69
3 4
3 4
1 1 25
1 1 94
3 4
1 3 71
3 4
1 4 65
3 1
3 1
1 5 86
3 5
3 3
1 4 93
3 1
1 2 33
3 1
1 1 61
1 5 69
3 4
1 3 96
3 2
1 2 81
3 2
1 5 1
1 3 93
3 4
1 5 38
1 3 85
1 1 62
1 4 54
1 3 48
3 4
1 2 15
1 3 37
3 2
3 4
3 1
3 4
3 4
1 1 51
1 1 42
3 1
3 4
1 2 47
3 5
3 2
3 1
1 1 35
3 4
1 2 25
1 2 87
1 5 43
3 2
1 3 6
3 1
1 2 3
3 3
3 1
1 3 1
3 4
1 3 57
3 3
1 4 21
1 5 68
1 1 81
3 2
1 1 61
3 1
3 2
3 4
3 5
3 2
3 2
1 5 62
1 4 98
3 2
1 5 27
3 5
3 3
3 5
3 2
3 3
3 3
1 2 29
1 1 63
3 2
1 2 19
3 2
1 2 69
1 3 13
1 2 19
1 4 83
3 1
1 5 51
3 2
1 4 63
1 1 17
1 5 21
1 2 61
1 1 39
3 1
3 1
1 2 49
3 3
1 2 37
1 1 44
3 1
1 2 1
1 2 57
1 1 41
1 5 1
1 1 93
1 4 12
3 2
3 2
1 4 96
1 3 41
1 2 71
3 2
3 2
3 3
3 5
1 3 37
1 3 26
3 3
3 5
3 4
1 2 21
1 4 81
1 3 47
1 2 9
3 2
1 4 11
3 1
1 5 13
1 4 89
3 2
1 5 20
3 4
1 4 70
1 5 95
3 4
3 3
1 4 1
3 1
1 3 7
1 3 17
1 1 25
3 3
3 2
3 5
3 2
3 3
3 4
3 3
1 2 50
3 2
3 3
1 3 38
3 2
3 4
1 2 73
1 5 91
3 2
1 4 69
3 4
3 5
1 2 51
1 5 8
1 2 68
3 4
1 3 22
3 5
3 3
3 3
3 1
1 2 86
1 2 91
3 5
3 5
1 1 41
3 2
1 5 65
3 4
1 1 61
3 4
3 2
1 1 31
1 1 84
1 3 33
1 3 23
3 3
1 2 62
1 1 57
1 2 83
1 4 25
3 2
1 4 53
1 1 51
3 5
3 3
3 2
3 3
3 2
1 4 59
3 3
3 2
1 3 77
3 5
3 1
3 4
3 2
1 2 60
1 5 61
3 4
1 4 21
1 5 91
3 5
3 2
1 2 71
1 4 59
1 1 5
3 2
1 4 51
1 4 56
3 5
1 2 41
3 5
3 2
1 2 77
1 5 53
1 2 81
3 5
3 3
1 3 21
3 1
3 5
3 2
3 1
1 2 9
1 3 25
3 1
3 4
1 5 31
1 3 85
3 5
1 4 75
1 2 91
1 3 55
1 1 61
1 5 39
3 4
3 3
3 3
3 4
3 5
1 5 65
1 2 9
3 4
3 1
1 1 31
3 3
1 1 31
1 1 21
3 1
3 4
3 2
1 2 57
1 1 14
1 5 83
1 3 81
3 4
1 4 81
1 5 33
1 5 72
3 4
1 1 57
3 3
3 2
3 1
3 1
1 4 5
1 3 18
1 4 25
3 5
1 3 81
3 2
3 2
1 2 15
1 4 73
1 2 46
1 5 12
1 5 1
1 4 1
3 2
3 5
3 3
3 2
1 5 10
3 4
3 2
3 3
1 3 87
3 2
3 1
1 4 56
1 2 76
1 3 27
3 1
1 2 12
1 5 59
3 1
1 2 63
3 5
3 1
3 2
3 3
1 4 5
1 5 23
3 5
3 2
3 4
3 2
1 5 83
1 4 57
1 1 69
3 4
3 3
3 5
3 4
1 2 48
1 2 76
1 3 45
1 2 82
3 2
3 1
3 2
3 4
3 5
3 5
1 2 69
3 5
1 1 85
3 2
3 2
3 3
1 3 23
1 1 87
1 2 29
3 4
1 1 1
3 4
1 1 73
3 3
3 4
1 2 67
1 5 53
3 5
3 3
1 5 91
1 5 75
3 5
1 3 97
1 4 7
1 3 41
3 3
3 4
3 1
3 4
1 5 83
1 1 57
1 2 45
3 1
1 4 44
3 3
1 3 61
3 4
1 2 24
3 1
1 3 36
3 5
3 4
1 5 21
1 4 61
3 2
3 3
1 3 11
1 5 96
1 4 37
3 4
3 3
1 1 21
3 2
3 5
3 4
3 2
1 5 96
1 1 21
3 5
1 2 21
3 5
1 4 45
3 4
3 1
3 4
1 2 88
3 2
3 3
3 5
3 1
3 1
3 4
1 4 55
3 4
1 4 63
3 2
1 2 85
3 2
3 3
1 3 63
1 1 21
3 1
1 5 33
1 2 83
3 2
1 3 71
3 1
1 5 87
3 5
3 4
1 4 93
3 4
3 3
1 3 71
1 1 1
1 1 41
1 5 21
3 1
1 2 65
3 5
3 1
3 1
3 5
1 2 48
1 1 61
1 3 56
3 4
1 3 41
3 1
3 4
1 1 93
1 4 45
3 5
1 2 33
1 5 69
3 3
1 2 46
3 2
1 2 77
1 1 91
1 2 7
3 4
3 3
1 3 30
3 3
1 1 86
3 3
3 2
1 2 4
3 1
1 3 37
1 2 21
3 3
3 4
1 4 31
1 2 5
3 1
1 3 93
1 3 18
1 4 26
1 1 87
3 2
1 1 1
3 3
3 1
1 3 27
1 5 1
3 4
3 5
3 3
3 1
1 3 28
3 4
3 2
1 3 61
1 2 1
3 2
1 2 17
1 5 31
3 1
3 4
1 2 91
1 4 51
1 1 17
1 2 9
3 1
1 1 45
3 1
1 1 91
3 1
1 4 57
3 5
1 4 41
3 2
3 2
1 3 5
3 1
3 5
3 2
3 2
3 4
3 3
3 1
1 1 39
3 1
1 5 41
1 2 71
3 2
1 3 82
1 2 41
3 1
1 2 69
3 2
3 1
3 5
3 1
1 4 84
1 4 37
3 1
3 1
3 4
1 5 77
1 1 51
3 4
3 2
1 4 5
3 3
1 1 61
3 4
3 1
1 2 52
3 5
1 1 81
3 2
3 5
3 2
3 1
1 5 38
1 4 61
1 4 6
1 4 7
3 2
1 2 65
3 1
3 4
3 1
3 5
3 4
3 4
3 4
3 1
1 3 53
3 2
3 5
3 1
3 1
1 4 27
1 3 71
3 4
1 1 42
3 1
1 2 10
3 3
1 3 37
3 2
1 5 73
1 4 15
3 1
1 3 37
3 3
1 3 94
1 3 51
3 3
3 5
1 4 21
3 2
3 2
3 3
3 1
1 3 22
1 3 79
1 1 10
3 1
1 5 33
1 2 99
3 3
3 5
1 4 49
3 2
1 1 5
1 5 75
3 5
1 4 92
3 1
3 5
1 3 33
3 4
3 2
3 3
1 2 93
1 1 49
1 2 34
3 1
3 4
1 5 2
1 4 31
1 2 85
3 4
3 2
3 1
3 4
1 1 21
1 3 65
1 2 13
1 1 21
1 5 21
1 3 49
3 1
1 4 59
3 3
1 5 34
1 1 97
1 2 87
1 5 48
1 4 38
1 3 15
3 1
3 5
1 2 14
3 3
1 2 39
3 2
3 4
1 5 61
3 2
1 1 1
1 4 33
3 2
3 5
3 3
1 2 71
1 2 61
1 3 14
3 2
1 2 3
3 1
3 3
1 4 21
1 4 32
1 2 83
3 4
1 5 25
1 3 1
1 5 17
1 3 33
3 1
1 4 59
1 1 81
3 1
1 5 79
3 5
3 5
1 3 33
1 2 9
3 5
3 2
1 5 11
1 4 51
3 2
1 3 69
1 3 72
3 3
1 3 41
1 2 57
3 5
3 5
3 4
3 3
1 5 25
3 1
3 1
1 5 65
3 3
3 5
3 4
3 1
3 5
1 3 33
3 1
1 2 36
3 5
3 1
3 5
3 2
3 4
3 4
3 2
1 5 9
1 3 1
1 1 59
3 1
3 2
1 1 13
3 4
3 4
1 2 61
3 1
3 4
1 4 75
3 4
1 2 61
1 5 21
3 2
1 1 9
3 3
1 1 48
3 5
1 4 97
3 4
1 4 99
1 1 6
1 3 31
1 2 95
3 4
3 2
3 3
3 3
1 4 59
3 2
1 3 14
3 3
1 3 15
3 1
3 2
3 5
1 5 45
1 2 47
1 3 63
3 4
1 3 45
1 3 62
3 1
1 5 73
1 5 27
1 1 5
1 2 10
1 4 41
1 4 11
3 5
1 2 77
3 4
1 4 85
1 2 32
3 4
1 4 77
1 2 62
1 4 37
3 4
1 4 26
1 5 61
3 4
3 5
3 4
1 4 77
3 5
1 4 18
3 3
1 2 3
1 5 56
1 2 14
3 4
1 1 53
3 2
3 4
3 3
1 5 1
1 3 85
1 2 26
3 4
1 2 36
3 3
1 4 21
3 1
1 3 14
1 3 9
1 2 53
1 5 3
1 1 1
3 3
1 4 1
3 3
3 1
3 3
1 3 40
3 3
3 2
1 2 45
1 4 61
3 4
3 5
1 5 11
1 1 29
1 4 73
3 3
3 1
1 4 25
3 5
3 2
1 3 27
1 4 1
3 5
1 4 86
1 1 99
3 1
3 2
1 2 22
3 2
1 5 33
1 3 31
1 3 79
1 4 21
3 3
3 4
1 4 83
3 5
3 1
3 3
1 5 26
1 4 49
1 3 12
1 4 23
1 2 52
1 4 34
3 4
3 3
3 4
1 5 13
3 4
1 1 91
3 3
3 4
1 1 26
3 3
3 3
3 2
1 4 19
1 3 42
3 5
1 4 69
3 1
1 2 5
3 3
3 3
1 3 4
3 3
3 1
3 3
1 4 34
1 3 70
1 1 81
1 4 3
1 4 65
1 2 35
3 4
3 1
3 2
1 2 91
1 4 46
1 1 17
3 2
3 3
3 5
1 3 98
3 5
3 4
1 5 82
1 5 93
3 1
3 1
1 4 11
3 2
3 3
3 1
3 1
1 3 76
3 4
3 1
3 5
3 2
3 2
3 3
1 3 14
1 3 19
3 1
1 5 26
3 1
1 3 45
3 2
1 4 51
3 3
1 4 21
1 2 50
3 5
3 3
3 5
3 5
1 2 45
3 5
1 5 58
1 3 93
1 4 81
1 5 61
3 4
1 3 2
3 4
1 2 33
1 5 11
1 5 91
1 1 11
1 2 85
1 5 26
1 3 74
3 4
3 4
1 2 52
3 4
3 2
1 5 81
1 2 85
3 5
3 4
3 5
1 3 99
1 1 33
3 3
1 5 1
3 3
1 3 55
1 3 67
1 2 70
3 3
3 1
1 1 71
3 5
1 1 2
1 3 90
1 2 38
1 4 21
1 1 33
1 5 21
3 2
3 5
3 5
3 1
1 1 37
1 2 55
3 1
3 3
3 2
3 3
1 1 61
1 4 21
1 4 1
1 2 41
1 1 46
1 5 89
1 3 34
1 1 53
1 5 65
3 1
3 1
1 3 1
1 1 29
3 1
3 3
1 3 26
3 1
1 5 1
1 4 49
1 4 6
1 1 73
1 3 9
3 5
3 2
1 5 100
1 4 91
1 2 26
1 3 1
3 5
1 5 4
1 4 64
1 2 41
3 5
3 1
3 4
1 1 83
1 1 17
1 4 45
1 3 24
3 2
1 2 1
3 4
1 1 35
3 1
1 3 78
1 4 21
3 4
3 2
3 5
1 1 21
1 2 89
1 4 13
1 2 3
3 5
1 5 77
3 5
1 5 9
3 3
3 1
3 4
3 1
1 2 63
1 1 53
3 2
1 3 83
3 1
3 3
1 3 23
1 1 43
1 5 97
1 4 47
3 5
3 4
1 3 13
3 3
1 2 30
3 2
3 4
1 4 25
3 3
1 2 29
3 3
3 1
3 5
3 5
3 3
1 1 66
1 3 37
1 2 70
3 5
1 4 54
3 3
1 5 21
3 4
3 2
3 4
1 2 61
1 5 11
1 4 26
1 1 47
1 2 86
3 3
3 3
3 5
1 2 69
1 1 9
1 3 49
3 5
3 5
3 2
3 4
1 1 72
1 1 9
3 4
3 5
3 1
1 1 14
3 5
1 2 71
3 3
3 2
3 5
3 2
3 1
3 4
1 1 23
3 1
1 2 5
3 3
3 2
1 3 51
1 2 36
3 2
1 1 99
1 4 86
3 5
1 4 12
1 3 1
3 1
1 4 2
3 2
3 5
1 1 6
3 3
1 4 19
3 3
1 4 89
1 5 86
1 1 51
3 1
3 2
1 5 77
1 1 62
1 2 89
1 3 91
3 5
1 4 89
3 3
3 3
3 4
1 4 27
1 3 84
1 3 21
1 4 97
3 1
3 5
3 3
3 5
1 5 29
1 2 6
1 3 71
1 1 1
1 4 67
3 3
3 3
1 3 96
3 3
1 1 35
1 3 25
1 3 30
1 5 1
3 5
3 2
1 3 61
3 5
1 4 75
1 2 82
1 3 34
1 4 76
1 2 37
3 5
1 2 97
3 3
3 3
3 2
3 5
3 4
3 1
1 3 99
3 2
1 3 21
1 5 53
1 5 56
3 2
1 1 97
3 5
1 3 29
1 2 10
3 2
3 2
3 4
3 1
1 5 93
1 2 71
1 5 61
3 1
3 1
3 4
1 4 5
3 2
1 1 7
1 5 51
3 2
3 5
1 1 5
3 3
3 1
3 2
3 1
1 4 12
3 4
1 2 30
3 2
1 3 1
3 5
3 4
3 5
1 1 58
3 5
1 5 31
1 1 38
3 1
1 5 60
3 3
1 2 70
3 1
3 1
1 4 83
3 2
1 2 17
1 4 31
1 1 51
3 2
1 3 18
3 5
1 4 37
1 2 46
3 4
3 2
1 5 43
1 3 69
1 1 1
3 5
3 1
3 5
1 1 51
3 1
3 3
3 1
1 5 1
3 5
1 2 80
1 4 51
3 1
1 2 4
3 2
3 3
3 4
3 1
1 4 27
1 1 1
1 3 45
3 4
3 4
1 4 34
1 4 49
1 5 92
1 5 4
1 3 55
1 5 1
3 1
3 2
1 4 55
3 2
1 2 43
3 1
1 5 45
1 1 93
3 2
1 2 81
1 2 76
3 2
1 2 29
1 2 9
1 5 77
3 3
3 3
3 3
3 5
3 2
3 3
3 5
1 4 48
3 4
3 4
1 5 48
1 3 70
1 5 29
1 2 30
3 2
1 4 33
3 4
1 2 9
1 1 98
3 5
3 3
1 2 7
3 1
1 5 51
3 1
1 4 77
1 5 45
3 3
3 3
3 5
1 3 57
3 4
3 2
3 3
1 3 17
1 2 60
3 2
3 2
3 3
3 2
3 3
1 5 45
3 5
3 1
1 5 53
1 2 81
3 2
1 1 97
1 1 63
1 1 11
3 5
3 3
1 5 11
1 2 85
3 1
1 1 97
3 4
3 2
1 3 89
1 5 57
1 4 41
1 5 11
3 5
1 2 85
1 3 53
3 5
1 4 94
1 3 25
1 5 25
1 5 3
1 2 53
1 4 83
1 5 17
1 5 66
3 2
3 5
1 4 10
1 4 4
1 1 19
3 4
1 2 61
1 2 10
3 1
3 3
3 3
1 1 1
3 4
3 3
1 2 17
1 2 80
3 1
3 3
1 2 17
3 5
1 1 8
3 4
3 2
1 4 51
3 2
1 5 13
3 5
1 4 61
3 4
3 1
3 1
1 4 5
3 5
3 5
1 3 96
3 5
1 5 31
1 2 86
3 2
1 3 83
3 5
1 4 27
3 2
1 4 39
3 1
1 5 31
1 2 77
3 5
1 2 95
3 3
1 5 41
3 5
3 3
3 3
3 1
3 5
1 4 48
1 5 91
3 5
1 4 70
1 3 81
1 2 22
1 5 49
1 3 11
1 4 34
3 2
1 2 35
1 2 14
3 2
3 2
1 2 1
3 5
1 5 94
1 1 25
3 4
3 4
1 2 11
1 3 51
3 2
1 4 32
3 2
1 1 59
3 1
3 1
1 1 4
3 2
1 4 86
3 2
1 4 88
3 5
3 3
3 2
1 2 25
1 4 21
1 2 41
1 2 21
1 1 8
1 2 61
1 3 1
1 4 71
1 2 96
3 3
1 1 73
3 1
1 4 20
3 4
3 4
1 3 37
1 2 49
3 3
3 1
1 4 97
3 4
1 2 61
3 2
3 4
1 1 28
1 3 85
3 3
3 3
1 3 5
3 4
1 4 89
3 1
3 2
3 3
3 2
1 2 29
1 1 36
1 1 17
3 5
1 3 15
1 4 11
3 5
3 3
1 2 13
3 5
3 3
3 5
1 3 21
3 1
1 4 1
3 2
1 1 25
3 1
1 2 56
1 1 37
3 3
3 2
3 5
3 3
3 3
1 5 88
1 5 31
3 5
1 4 17
3 4
3 3
3 1
3 2
1 1 73
3 3
1 1 56
3 2
3 3
1 4 48
1 1 56
3 1
3 1
3 2
1 1 37
1 1 6
3 4
3 4
1 5 43
3 2
1 5 46
1 2 84
3 3
3 5
3 2
3 2
1 3 9
1 4 17
3 4
1 1 47
1 3 1
3 1
3 3
3 2
1 1 88
3 3
1 3 79
1 5 33
1 5 91
3 2
1 3 1
1 2 51
1 3 31
1 2 91
3 5
1 4 51
3 2
3 2
1 1 74
3 3
3 4
1 2 89
3 1
1 5 11
3 4
1 3 9
1 4 49
1 2 65
3 3
3 4
1 1 93
3 2
1 4 91
3 4
1 5 46
1 3 41
1 5 1
1 1 21
1 5 75
3 1
1 1 51
1 3 45
3 3
1 1 19
1 1 55
1 1 66
1 2 31
1 5 86
3 2
3 4
3 3
3 3
1 4 68
1 2 11
3 5
1 2 36
3 5
3 2
1 2 97
1 2 66
3 1
1 1 25
3 2
1 3 37
1 1 47
3 4
3 5
3 2
1 2 21
3 4
1 1 49
1 5 27
3 3
1 4 23
1 3 41
3 1
3 3
3 1
3 5
3 5
3 2
3 2
3 1
1 3 11
1 5 66
1 4 85
3 2
1 3 48
1 3 71
3 3
3 3
3 3
3 4
3 3
3 5
3 4
1 3 81
1 2 1
1 5 3
1 3 28
3 2
3 5
1 4 3
1 3 1
3 2
3 3
3 3
1 1 26
1 4 7
1 3 64
1 1 61
3 4
1 5 8
3 4
1 5 9
3 4
1 3 45
1 4 41
1 3 52
1 4 79
3 3
3 1
1 5 54
3 3
3 1
1 4 46
3 1
1 5 44
1 4 61
1 3 51
3 3
1 1 26
3 3
1 1 87
3 5
3 2
3 3
1 1 76
3 4
1 5 36
3 5
1 3 81
1 1 29
3 1
1 1 69
3 4
1 5 64
3 3
3 5
3 1
3 5
1 4 75
3 5
3 4
1 5 1
1 3 97
3 1
3 1
1 1 50
1 3 81
1 5 36
1 2 1
1 1 61
1 5 49
3 3
1 5 91
1 1 1
3 1
1 4 3
3 3
3 5
1 3 37
3 2
3 4
3 3
1 5 55
3 4
1 2 63
3 2
3 4
1 4 85
3 4
1 1 70
3 2
3 3
3 1
3 1
3 2
1 2 1
3 1
1 2 29
3 5
3 3
3 2
3 5
1 2 98
3 4
1 4 33
1 1 9
1 5 71
3 3
3 3
1 5 21
3 1
1 1 66
3 3
3 3
1 1 86
3 2
3 5
3 5
3 4
1 5 66
3 3
1 3 93
3 5
3 2
1 1 51
3 2
1 1 93
3 1
1 2 86
1 4 10
1 3 50
1 2 65
1 4 37
1 2 41
1 3 41
1 4 7
1 2 41
1 3 45
3 5
3 2
3 2
3 5
3 1
1 1 73
3 4
1 2 51
1 5 97
3 3
1 2 23
3 3
3 4
1 2 32
3 3
3 2
1 4 49
1 4 41
3 1
3 1
3 2
1 5 29
1 3 80
1 3 87
1 5 13
1 2 51
1 1 100
3 1
3 5
1 5 54
3 1
1 2 43
1 4 5
3 1
3 4
3 3
3 3
1 2 65
3 4
3 4
3 4
3 3
1 3 71
1 5 42
3 4
3 3
3 3
3 2
3 3
1 4 29
3 3
1 1 42
1 4 76
1 1 50
1 4 59
1 4 24
1 4 6
1 1 9
1 1 75
1 5 53
3 1
3 3
1 1 93
1 1 3
3 2
1 5 49
1 2 26
3 3
3 1
1 5 26
1 5 57
1 1 87
1 2 11
3 5
1 3 85
3 1
1 4 51
1 2 81
1 1 37
1 5 85
3 3
1 4 85
3 1
1 1 45
3 2
1 5 18
3 3
1 1 91
1 4 65
1 5 67
3 5
1 5 33
3 4
1 2 59
1 3 44
3 4
1 2 43
3 2
3 3
1 1 22
1 2 97
1 1 12
3 4
1 2 21
3 4
3 2
3 2
3 5
3 4
1 4 29
1 5 45
3 3
1 2 31
3 1
1 2 21
1 2 61
3 2
3 5
1 2 75
3 1
1 4 92
1 5 13
3 1
1 4 1
1 1 15
3 4
1 5 66
3 3
3 5
3 3
1 1 79
3 5
1 2 13
1 1 1
1 1 76
1 5 2
3 1
3 1
3 2
3 4
3 1
3 5
3 1
1 5 26
1 1 1
3 3
1 1 54
1 2 93
1 1 5
1 1 65
3 4
1 5 49
1 5 6
1 4 41
3 3
1 5 51
1 1 45
1 4 74
1 3 93
1 2 17
3 5
1 1 4
1 2 49
1 2 16
3 2
3 2
1 3 27
1 1 53
3 2
3 5
3 5
1 2 97
1 2 86
1 4 85
3 3
1 4 51
3 3
1 4 1
1 4 1
1 3 5
3 5
3 2
3 2
1 1 81
3 5
3 3
3 1
3 4
3 3
3 3
3 1
3 3
1 4 16
1 1 59
3 4
3 5
3 4
1 2 84
3 2
1 1 93
3 1
3 1
3 3
1 2 83
3 5
3 3
3 5
3 5
3 2
3 2
1 5 89
3 2
3 4
3 3
3 5
1 4 69
1 1 75
1 1 16
1 2 64
1 2 76
3 3
3 1
3 3
1 1 65
3 3
3 3
1 3 73
3 5
3 3
1 4 24
3 5
1 3 93
1 2 51
3 3
3 2
3 4
3 3
3 4
3 2
3 2
3 4
1 2 77
1 5 64
1 2 56
1 1 52
1 3 43
3 3
3 4
3 2
3 2
1 4 76
3 5
3 1
1 5 82
1 5 65
1 3 93
3 1
3 5
3 1
1 2 31
3 4
3 3
3 5
3 4
1 5 55
3 2
1 1 1
3 1
3 5
1 5 70
1 2 95
1 4 56
3 3
3 5
3 1
3 3
3 5
1 5 28
3 1
1 2 93
1 3 83
3 1
1 1 1
1 4 37
3 2
3 3
3 3
1 1 57
1 4 76
1 3 6
3 5
1 4 51
3 4
1 1 43
1 5 53
3 4
3 1
1 5 62
3 3
1 3 61
1 1 89
3 2
1 4 30
1 4 85
3 3
1 1 25
3 5
1 3 21
1 1 39
1 1 31
1 5 41
1 4 1
3 3
3 3
3 4
1 3 57
3 1
1 4 41
1 4 71
3 2
3 4
1 2 69
3 3
1 5 21
3 1
3 3
1 3 61
1 4 92
1 2 99
3 4
1 5 3
1 4 85
1 2 86
1 2 39
1 1 51
3 1
3 1
3 4
3 2
1 2 1
1 5 16
1 3 95
1 2 41
1 3 23
3 3
3 1
1 2 81
1 5 13
1 1 51
1 3 80
3 4
1 3 83
1 1 57
1 3 81
1 2 97
1 3 42
1 4 17
1 2 20
1 3 85
3 5
1 3 71
1 2 41
1 1 9
3 4
3 5
3 3
3 4
3 1
3 1
1 2 33
3 5
1 2 83
1 3 89
3 2
1 5 55
1 3 21
1 2 77
1 4 17
3 5
1 4 29
3 5
1 1 38
3 2
3 4
3 2
1 1 37
1 5 1
3 1
1 3 26
3 4
1 3 18
1 3 17
1 5 71
1 5 27
1 3 23
1 1 9
1 1 93
1 4 53
3 5
1 1 33
1 1 41
1 4 41
3 5
3 5
1 3 72
1 1 31
1 5 94
1 1 6
1 1 53
3 4
1 2 5
3 5
3 2
1 2 92
1 2 79
3 2
3 4
3 4
1 3 67
1 3 1
1 4 61
3 3
1 3 15
3 2
3 3
3 2
3 4
1 3 18
3 2
3 1
3 2
1 4 83
1 5 41
1 2 81
3 1
1 1 91
3 4
1 4 33
1 4 12
3 5
3 1
3 3
3 5
1 2 49
3 4
3 5
1 3 17
1 4 24
1 3 28
1 5 1
1 1 88
3 1
1 1 85
1 1 16
3 2
1 5 88
1 3 39
3 5
1 2 5
1 5 93
1 2 79
1 2 5
3 1
3 4
3 1
1 4 81
1 3 52
1 4 26
1 5 41
1 4 85
1 5 87
1 4 26
1 2 39
3 3
3 1
1 1 35
1 1 58
3 4
3 2
1 4 49
3 3
3 5
1 3 95
3 3
1 1 51
1 1 25
3 5
1 1 77
1 1 26
1 1 56
1 2 5
1 4 1
3 4
3 2
3 1
1 5 36
1 3 73
1 1 30
3 2
3 5
3 5
3 5
3 3
3 1
3 1
3 2
1 3 36
3 1
1 3 31
3 5
1 2 26
1 1 95
1 1 96
1 5 81
3 4
1 5 33
1 2 66
3 2
1 4 11
1 3 89
3 3
1 4 85
3 5
1 2 98
3 5
1 2 54
1 5 59
1 5 1
1 3 97
1 2 43
1 1 46
3 2
1 1 92
3 5
1 3 13
1 5 21
1 4 36
1 2 69
3 1
3 1
1 2 34
3 5
1 1 76
3 3
1 3 23
3 2
1 1 2
3 2
1 1 17
1 2 29
3 2
1 2 10
1 3 65
3 1
1 4 91
1 1 5
1 5 67
3 5
1 2 75
3 2
3 1
3 4
3 5
1 4 21
3 4
3 2
3 3
1 5 60
3 1
3 5
3 2
1 1 3
1 4 96
1 1 53
1 4 26
3 3
1 4 63
3 3
3 1
1 4 13
3 2
1 5 5
3 3
3 1
3 2
3 3
3 1
3 3
3 3
3 4
3 3
3 4
3 3
1 5 83
3 5
1 4 14
3 3
3 1
1 3 69
3 2
3 3
1 1 89
3 3
1 5 16
1 3 23
1 3 45
3 4
1 3 19
3 4
1 3 25
1 2 75
1 4 1
3 3
1 5 23
1 3 61
3 5
3 5
1 3 71
1 1 86
1 1 81
1 5 25
3 4
1 2 97
1 4 92
1 1 12
1 4 18
1 1 81
3 4
3 3
1 3 3
1 3 89
3 2
1 5 96
1 5 67
1 5 85
3 1
1 5 15
1 4 34
1 2 55
1 4 9
1 5 81
3 4
1 1 85
1 1 69
1 3 24
1 4 25
1 1 37
1 2 97
3 4
1 3 21
3 5
1 1 29
3 1
1 1 31
3 1
3 4
1 2 81
1 3 51
3 2
3 1
3 5
3 5
1 1 93
3 2
1 2 39
3 3
1 4 59
1 2 69
3 4
3 5
1 3 36
1 4 58
3 1
3 4
3 2
3 3
3 2
1 1 91
1 3 72
1 5 31
1 4 77
1 2 14
1 5 6
3 2
3 2
3 2
3 5
3 4
3 2
1 5 45
3 4
1 4 75
3 5
1 3 16
3 4
3 1
1 2 37
1 2 1
1 1 9
3 5
3 3
3 2
3 1
1 3 53
3 3
3 4
3 4
1 3 25
3 4
3 1
3 1
3 4
1 4 73
1 5 90
1 3 41
1 3 85
1 3 51
1 2 73
3 2
1 5 7
1 5 15
3 1
3 4
1 1 51
1 1 41
1 3 56
3 5
1 2 7
3 5
3 5
1 1 18
1 3 26
1 4 11
1 5 69
3 2
1 3 89
1 1 43
1 1 72
1 2 10
1 1 40
3 5
1 3 5
3 1
1 2 27
3 5
3 2
3 2
1 2 21
1 4 46
3 3
1 4 53
3 2
1 3 21
1 1 25
1 1 77
3 5
1 4 9
3 4
3 3
3 5
3 3
3 5
1 2 93
1 1 48
3 2
3 3
1 4 37
1 3 91
1 3 45
3 2
1 5 41
1 3 61
3 2
3 3
1 2 27
1 3 61
1 3 79
1 1 88
3 5
3 2
3 4
3 3
3 4
1 3 26
3 3
3 2
1 1 99
3 3
3 4
3 4
3 1
3 3
1 2 49
3 4
3 2
3 2
3 2
3 5
1 3 21
3 5
3 3
3 2
1 5 66
1 5 54
3 2
3 1
1 4 16
1 5 1
3 4
1 2 43
1 5 17
1 2 3
1 5 6
3 3
1 5 61
1 2 41
3 1
1 3 53
3 1
3 3
1 3 67
3 3
1 3 26
3 1
3 5
1 1 1
3 1
1 1 1
3 3
1 1 1
1 5 17
1 4 21
3 5
3 3
1 1 69
1 1 31
3 5
1 3 57
3 3
1 4 100
1 1 57
3 2
1 4 13
3 1
1 3 36
1 4 19
3 3
3 2
3 5
3 2
3 3
1 4 58
3 2
3 3
3 3
1 2 43
3 3
1 5 96
3 3
3 2
1 2 73
1 5 77
3 2
1 3 46
3 1
1 5 66
1 5 83
3 5
3 4
1 3 84
1 4 7
1 3 49
3 1
3 4
3 1
3 5
1 1 37
3 1
1 3 29
1 1 91
3 5
1 3 71
3 2
3 4
3 4
1 2 33
3 1
3 2
1 5 76
1 5 52
1 1 37
3 3
3 1
3 4
1 3 87
1 3 56
1 3 81
1 3 87
3 1
1 5 89
3 5
1 4 73
3 1
1 3 7
1 4 93
1 5 56
3 1
1 4 17
3 3
1 1 81
3 4
1 1 49
3 4
1 1 69
3 5
1 4 65
3 3
3 5
1 5 37
1 1 71
3 3
