10 2000
2 267
1 114 928
1 367 444
2 773
2 225
1 213 221
1 201 227
2 476
2 306
1 254 345
2 534
2 312
1 181 331
1 7 119
2 471
2 431
2 729
1 23 36
2 465
1 255 279
1 385 971
2 657
2 664
2 669
1 2 74
2 61
1 48 170
2 111
2 581
1 24 39
1 442 478
2 466
1 50 537
2 247
2 26
1 793 932
1 686 852
1 146 231
2 397
1 128 517
1 85 332
2 188
2 538
1 124 203
1 223 359
2 821
2 108
1 26 522
1 37 74
1 109 499
1 34 131
1 11 103
1 51 91
1 179 679
1 96 389
2 880
1 762 901
1 387 504
1 37 41
2 351
1 510 860
1 318 421
2 854
1 512 876
1 244 928
1 464 789
1 145 894
1 757 855
1 237 378
1 71 172
1 9 12
2 628
2 505
1 42 62
2 49
1 95 439
1 133 202
2 461
2 860
2 398
1 248 612
1 8 311
1 67 416
2 571
2 976
2 481
1 5 186
2 553
2 404
1 466 913
1 518 756
1 138 280
2 532
2 661
2 291
2 121
2 482
2 422
2 370
2 857
1 359 574
1 179 216
1 495 856
1 33 90
1 465 468
2 420
2 332
2 668
1 8 19
1 567 830
1 85 836
2 844
2 784
1 372 963
2 1014
1 159 239
1 113 221
1 595 920
2 125
2 924
1 938 974
1 198 199
1 886 895
2 314
1 530 784
1 333 711
2 245
2 62
1 436 964
1 16 540
2 630
1 473 835
2 579
1 275 759
1 51 119
2 406
1 514 826
2 969
1 519 548
2 359
2 214
2 85
1 503 862
1 459 968
2 257
1 483 915
2 193
1 169 171
2 670
1 3 5
1 44 683
1 206 619
1 487 491
1 249 623
2 57
1 331 991
1 234 948
1 245 767
1 5 214
1 295 614
1 96 111
2 876
1 298 460
1 552 997
2 16
2 246
1 341 857
1 125 453
2 847
1 235 443
2 198
1 382 600
2 859
1 119 178
2 52
2 99
1 619 777
2 758
1 215 506
2 139
2 960
1 137 140
1 302 325
2 886
2 942
2 50
1 7 374
1 125 414
2 577
2 917
2 309
1 807 837
1 15 155
2 572
1 658 691
1 25 261
1 365 405
1 172 701
1 344 889
2 610
1 81 121
1 469 582
2 905
2 703
2 837
1 102 1019
1 24 302
1 267 669
1 424 855
2 637
2 661
2 612
1 324 442
2 46
2 235
2 310
2 995
2 890
2 689
2 387
1 527 830
2 1011
1 179 392
1 1 55
1 34 54
1 502 669
1 96 487
1 303 935
1 152 273
2 26
2 356
2 589
1 352 383
1 784 880
2 184
2 893
1 484 793
1 113 807
2 928
2 236
2 669
2 694
2 913
1 103 426
2 849
1 633 673
1 12 24
1 467 826
2 522
2 831
1 81 102
2 149
1 529 592
1 325 872
2 701
1 142 196
2 218
2 150
1 516 756
2 136
2 934
1 295 425
2 978
1 903 925
2 548
1 102 418
1 797 986
1 418 1008
1 915 936
2 605
1 146 302
1 976 1014
2 446
1 284 607
2 816
1 145 665
2 703
2 732
1 437 1000
2 846
2 391
2 475
1 104 899
2 980
2 947
1 787 954
1 1000 1018
1 11 18
2 146
2 483
2 401
2 345
2 256
2 634
1 76 132
2 503
1 311 374
1 275 612
2 948
2 751
2 85
2 600
2 405
1 9 263
2 10
2 797
1 371 392
2 574
2 241
2 990
2 295
2 573
1 200 275
2 547
1 365 527
2 416
1 108 126
2 719
1 169 425
1 419 419
2 491
2 445
1 330 759
2 317
1 224 706
2 252
2 904
1 401 991
2 910
2 650
2 871
1 9 449
2 713
2 74
1 95 894
1 283 613
2 508
2 72
2 743
2 419
2 298
1 121 224
1 98 317
1 41 278
2 867
2 770
2 279
1 361 551
1 685 753
2 398
1 554 815
1 226 661
1 79 159
2 326
2 591
2 176
1 283 304
1 489 799
1 640 961
1 199 558
2 739
1 455 516
2 228
2 261
1 750 807
1 8 442
2 668
2 130
1 176 667
2 887
1 70 246
1 284 387
2 877
1 117 141
1 228 398
1 257 371
1 291 337
2 487
1 271 812
1 38 711
1 400 535
2 68
2 140
2 931
1 41 68
1 103 277
2 63
2 746
2 705
1 112 146
1 67 797
2 482
1 691 855
1 224 426
1 45 854
2 666
2 351
1 401 1022
1 29 386
1 248 496
2 600
2 153
1 194 549
1 38 775
2 50
2 122
1 65 135
2 775
1 221 627
2 651
2 696
2 83
2 161
2 876
2 125
2 451
1 9 9
2 485
2 748
2 878
2 456
2 983
1 719 937
1 302 410
1 578 743
2 158
2 454
2 306
2 203
2 303
1 595 1010
2 112
1 170 473
2 774
2 857
2 633
1 151 315
2 875
2 302
2 368
1 265 484
2 851
2 412
1 108 130
2 509
2 139
2 372
1 97 102
1 182 438
1 448 985
2 985
2 955
2 429
2 452
1 403 977
2 82
1 36 256
2 424
1 56 75
1 641 808
1 66 277
2 345
1 712 936
1 488 799
2 431
1 455 740
1 88 474
1 107 376
2 985
1 2 9
1 325 805
1 339 837
2 139
2 953
2 36
2 67
2 586
2 511
1 366 542
1 779 951
1 928 938
2 23
1 17 107
2 519
1 363 675
2 119
1 51 660
1 448 620
1 363 638
1 109 453
2 881
1 281 570
2 233
1 462 808
1 690 770
2 566
1 28 145
2 172
1 491 756
1 636 902
2 454
2 184
1 40 758
2 819
1 10 208
2 678
2 658
2 348
1 451 468
1 293 861
2 503
2 1021
2 638
1 166 221
1 88 761
1 558 672
1 939 967
1 122 946
2 188
2 171
2 434
2 180
1 142 795
2 85
2 691
2 225
2 309
1 69 223
2 684
2 382
2 659
2 702
2 748
1 10 310
1 220 305
2 909
2 286
2 626
1 5 6
1 241 335
2 882
2 83
1 375 807
1 33 63
2 604
1 147 215
2 405
2 628
1 120 486
1 118 152
2 294
2 423
1 40 394
1 302 546
1 290 985
2 819
1 18 38
2 253
2 501
2 340
2 524
1 404 491
2 563
2 795
2 166
2 76
2 76
2 811
1 562 865
1 14 210
2 795
2 23
2 998
2 141
2 72
1 523 708
1 86 105
2 629
2 303
1 324 823
2 835
2 425
2 748
1 381 773
2 766
2 911
1 197 657
2 323
2 448
2 61
2 931
1 139 326
2 970
2 116
2 1023
2 95
1 140 384
1 275 458
1 704 981
1 22 67
1 203 893
1 189 818
2 109
1 3 4
2 453
1 133 479
2 886
1 62 79
2 225
2 929
2 2
1 6 606
2 135
2 891
2 624
2 231
1 148 754
1 30 504
1 219 485
1 23 682
1 31 746
1 678 976
1 469 871
2 549
1 26 76
2 679
1 301 864
2 222
2 416
1 320 745
2 486
1 195 354
2 897
2 56
2 289
2 72
1 588 629
1 77 555
1 599 682
2 302
1 788 858
1 427 434
1 44 220
1 42 89
2 510
2 1003
2 971
1 222 401
1 205 439
1 401 531
2 714
2 645
2 861
1 104 180
1 144 171
2 789
1 399 677
2 135
2 183
1 70 578
2 237
1 399 811
2 119
2 62
2 39
2 727
2 7
1 836 921
2 797
1 40 327
2 957
1 139 238
2 616
1 42 104
1 355 625
1 44 372
1 28 124
2 415
2 125
2 330
2 154
2 52
2 195
2 680
2 767
1 161 193
1 532 840
2 342
1 45 776
1 437 469
2 836
2 401
2 946
1 262 297
2 672
2 122
2 178
2 201
2 832
1 232 632
1 200 460
1 268 837
1 542 594
1 13 204
1 115 446
1 40 626
1 197 677
1 377 648
2 312
2 988
2 406
2 933
2 1006
1 152 352
2 635
1 117 249
2 733
1 311 965
2 657
2 81
2 708
1 15 145
1 501 786
2 394
1 283 321
1 4 77
1 835 838
2 33
1 609 723
2 135
1 28 240
1 374 508
2 775
1 114 444
2 944
1 6 281
1 314 398
2 527
2 614
2 308
1 138 177
2 168
1 694 942
1 260 542
1 837 910
1 110 436
1 41 671
2 800
1 431 606
2 166
2 976
2 521
1 637 698
1 27 44
2 443
2 964
1 114 417
1 582 824
1 121 450
2 753
2 8
2 634
2 35
1 138 691
1 684 897
1 414 611
1 73 553
1 303 440
1 224 879
1 112 447
2 94
1 55 239
2 916
1 457 517
1 781 879
1 3 131
2 678
2 894
2 799
2 701
2 255
1 46 468
2 382
2 925
2 55
1 79 628
2 410
1 66 787
1 262 307
2 594
1 29 86
1 41 71
2 389
1 9 138
1 111 615
1 69 255
2 45
1 44 249
2 1020
2 815
2 854
2 738
2 203
1 325 894
2 211
1 470 786
1 200 610
1 44 208
1 341 630
2 325
1 210 272
1 154 211
2 788
2 48
1 144 177
2 894
1 88 147
2 566
2 655
1 4 304
2 936
1 83 288
2 821
2 41
1 8 84
2 282
1 343 678
2 639
2 780
2 928
1 274 621
1 44 49
2 867
1 108 541
2 904
1 876 1019
2 219
2 344
2 203
2 730
2 706
2 21
1 84 341
2 226
2 674
1 588 896
1 95 142
1 323 981
2 669
2 195
1 430 774
1 579 843
2 731
1 68 169
2 544
1 37 234
2 390
1 353 799
1 18 55
2 813
2 203
1 161 447
1 61 470
1 338 537
2 781
1 621 996
1 241 1004
1 132 222
1 410 745
1 588 709
2 509
2 700
2 115
1 523 706
1 150 230
1 211 384
2 204
1 100 890
1 134 720
2 67
1 75 358
2 421
1 750 908
1 95 778
1 879 1021
1 209 511
1 131 458
1 63 174
1 97 170
1 325 976
1 137 339
2 467
1 479 672
1 382 501
1 359 618
1 42 67
1 396 447
2 580
2 803
1 239 429
2 389
2 470
1 82 207
2 553
1 61 224
1 74 127
1 625 917
1 3 284
1 169 304
2 706
2 969
2 617
2 874
2 284
2 2
1 264 439
2 453
2 472
1 344 737
1 596 864
1 110 181
1 228 961
2 846
2 789
2 542
2 435
1 38 565
2 984
1 256 326
1 717 818
2 898
2 154
2 388
2 560
1 108 785
1 332 533
2 693
2 759
2 848
2 308
1 455 530
2 237
1 813 1016
2 449
2 98
2 747
1 67 470
2 290
1 233 406
2 925
1 5 78
2 17
1 2 1001
1 2 72
1 166 420
2 457
1 245 438
2 634
2 966
1 96 193
2 697
1 366 1003
2 657
2 421
2 5
1 302 347
2 499
2 576
2 336
2 332
1 47 574
1 176 473
1 349 412
1 270 826
1 89 437
2 485
2 624
2 645
2 304
2 118
2 250
2 731
2 503
2 433
2 184
1 216 575
1 103 263
1 456 643
2 50
2 583
2 192
1 446 850
1 126 662
1 483 484
2 1007
1 41 76
2 701
2 995
2 1015
1 92 647
2 246
2 473
1 924 969
2 354
1 118 163
1 245 563
1 168 401
2 776
2 679
1 505 623
1 384 748
2 987
2 435
2 701
1 470 889
1 101 817
2 519
1 19 965
1 159 438
1 40 88
1 474 630
1 602 760
1 473 520
2 529
1 193 711
2 275
2 273
1 1 16
1 247 869
2 632
1 490 607
1 561 751
1 90 178
1 36 733
2 210
2 815
1 88 117
1 607 758
2 656
2 333
1 344 722
1 59 77
1 83 529
2 628
1 233 416
1 20 58
2 878
2 906
1 305 454
1 242 561
1 256 523
2 971
2 876
1 32 49
1 61 272
1 371 678
2 300
2 483
2 251
2 369
2 926
1 16 164
2 437
1 53 222
2 687
2 755
1 97 1011
2 680
1 783 1002
1 66 167
2 124
2 489
1 129 397
2 214
2 503
2 784
1 163 528
2 633
2 593
1 46 423
2 122
1 478 895
1 531 920
2 632
2 920
1 3 345
1 592 944
1 181 1021
1 608 847
1 18 156
2 439
1 336 407
1 147 423
1 105 206
1 3 765
2 653
2 424
1 355 936
1 107 211
1 104 214
2 336
2 862
1 3 4
1 463 929
1 616 858
1 253 919
2 454
2 922
1 3 147
1 379 787
1 283 875
1 88 150
2 41
2 288
1 20 505
2 776
2 58
1 96 249
2 836
2 240
1 64 260
1 284 801
1 835 983
1 310 897
1 164 200
2 811
2 912
2 969
1 699 718
2 446
2 317
1 10 43
1 50 209
1 24 465
1 253 408
2 123
2 727
1 126 234
2 9
2 380
2 146
2 23
2 469
2 619
2 51
1 407 407
2 770
2 442
2 757
1 326 452
2 830
1 753 889
1 523 806
2 553
2 91
2 551
2 457
1 102 489
2 772
2 843
2 21
2 289
2 460
1 517 986
2 956
2 996
1 55 914
2 329
2 794
1 431 472
2 95
1 314 994
1 186 697
2 716
2 895
2 1021
1 186 569
1 295 460
2 931
1 196 720
2 910
1 273 475
2 465
1 616 796
1 299 362
1 9 28
2 897
2 830
2 839
2 713
1 109 316
1 745 788
2 608
2 493
1 256 983
1 21 908
1 367 482
2 739
1 308 408
1 82 809
2 50
2 688
2 850
2 735
1 627 897
1 390 435
2 385
2 466
2 392
1 109 167
2 24
2 441
1 39 173
2 331
2 390
2 852
1 662 887
1 102 688
1 157 592
1 11 112
2 941
2 252
2 283
2 945
1 333 465
2 325
2 415
2 241
1 437 971
1 66 280
1 333 640
2 1014
2 666
2 507
1 202 390
2 168
2 577
2 5
2 592
2 473
1 18 153
1 467 607
2 293
1 835 891
1 22 84
1 622 792
2 236
1 152 335
1 578 787
1 83 101
2 1010
1 54 58
1 271 499
1 170 454
1 110 210
2 380
1 151 162
1 27 111
1 114 331
1 574 763
2 881
2 279
2 619
2 624
2 729
1 248 819
2 584
2 546
1 8 45
1 128 850
1 989 1009
2 163
1 28 43
1 196 334
1 504 548
1 545 865
1 218 307
2 1008
1 608 782
1 595 688
2 108
1 123 144
1 275 368
1 542 542
1 179 211
1 52 414
2 474
1 123 138
1 368 498
1 180 180
2 576
2 735
2 937
1 97 428
2 823
2 480
1 13 106
1 156 198
2 656
2 527
2 413
1 117 473
2 247
1 105 804
2 178
2 1
1 87 95
1 83 183
2 910
2 891
1 143 171
1 123 651
1 485 824
2 477
2 10
1 832 851
1 523 543
1 692 1017
1 110 434
2 786
2 276
1 57 930
2 311
1 12 12
1 82 290
1 147 477
2 615
2 491
1 163 562
1 358 679
1 774 976
2 91
1 447 584
2 612
2 470
2 1024
1 303 494
1 30 639
2 683
1 216 224
1 34 407
1 37 877
1 39 980
2 1022
2 772
1 158 505
1 392 577
2 70
2 790
1 7 22
2 646
2 188
1 578 781
2 631
2 625
2 300
2 487
1 183 399
2 956
1 103 513
2 963
2 374
2 447
2 274
2 883
2 79
1 15 28
2 709
2 934
2 282
2 110
1 138 289
2 831
2 256
2 652
1 91 612
1 527 941
2 925
2 906
1 176 247
2 125
2 365
2 531
2 406
1 331 643
2 240
1 545 575
1 10 14
2 963
1 6 183
1 38 83
1 390 414
1 8 395
2 1021
2 18
2 561
2 876
2 460
2 466
1 495 592
2 364
2 259
1 107 180
1 782 925
1 169 808
1 335 356
2 966
2 809
2 47
1 30 210
2 123
2 258
2 191
2 644
2 241
2 499
2 129
2 318
1 3 231
2 369
1 236 1011
1 262 832
2 496
2 247
2 969
1 14 112
1 622 637
2 645
1 98 241
2 169
2 644
2 236
2 39
2 1020
1 178 251
2 447
2 23
2 159
2 924
2 794
1 223 968
2 29
2 447
2 761
2 76
2 755
2 1009
1 174 345
1 879 881
2 379
1 1012 1020
2 644
2 282
2 907
1 15 987
1 475 744
1 226 289
1 380 848
1 21 77
2 443
2 674
2 438
2 902
2 612
2 422
2 225
1 377 984
1 34 282
2 423
1 101 172
2 352
1 237 387
2 121
2 959
2 469
1 238 482
1 158 574
1 149 958
1 88 106
1 175 280
1 35 789
2 237
1 364 528
2 498
1 30 157
2 639
2 893
2 1000
1 460 516
2 571
2 5
2 835
1 147 609
1 551 813
1 22 371
2 876
1 628 880
1 17 235
2 795
1 677 878
1 1 11
2 88
2 664
2 796
2 647
1 296 433
2 189
2 203
2 384
2 670
2 630
2 320
1 613 813
1 833 973
1 6 360
1 39 183
1 777 792
2 754
1 83 144
1 77 1002
2 253
2 784
1 440 751
1 158 205
1 141 860
2 262
2 700
1 2 28
1 277 879
2 1024
1 703 971
1 314 807
1 258 950
2 100
1 189 820
1 170 712
2 613
1 244 405
1 499 650
1 143 308
2 498
2 509
1 48 358
1 135 304
2 432
1 50 773
2 980
1 46 261
2 245
1 41 204
2 137
1 464 703
1 89 323
2 268
2 644
1 70 549
2 1021
1 15 200
1 2 191
1 70 141
2 838
1 472 723
1 28 577
2 729
2 420
1 398 775
2 477
1 769 949
1 222 750
2 30
2 796
1 48 566
1 347 381
1 307 875
2 640
2 197
2 120
1 180 288
1 30 63
2 608
2 465
1 73 123
2 634
1 12 25
1 7 15
1 7 9
2 499
1 538 912
2 919
1 268 342
2 6
2 114
2 626
1 1 472
1 34 522
1 35 360
2 395
1 66 270
1 347 427
1 526 610
2 994
1 23 458
1 330 735
2 681
2 505
2 270
1 189 498
2 362
2 187
1 142 970
2 384
2 234
2 697
2 892
1 33 466
2 425
2 598
2 241
1 197 261
2 788
1 101 294
1 244 329
1 1 16
1 389 595
1 433 634
1 325 1002
1 277 435
1 217 224
1 354 821
1 450 580
2 428
2 578
2 451
2 718
1 545 728
1 166 464
1 422 431
1 353 402
1 619 768
1 32 242
2 130
1 560 1004
2 674
2 865
1 793 947
2 587
1 78 219
1 187 505
2 721
1 569 739
1 467 827
2 875
2 323
1 593 631
1 693 891
2 147
2 198
2 396
2 721
2 781
1 438 704
1 381 899
2 738
1 37 816
2 797
2 872
2 207
2 785
1 462 532
2 390
1 95 197
1 622 925
1 79 682
2 590
1 13 446
1 684 905
1 333 752
1 277 553
1 190 209
2 850
2 974
2 879
1 236 522
1 62 63
1 754 776
2 279
2 453
2 20
1 96 291
1 150 536
1 317 838
2 354
1 37 676
2 83
2 1002
1 333 566
1 874 975
1 446 470
2 39
2 42
1 247 384
2 49
1 546 655
1 439 492
1 91 105
1 315 453
1 189 701
2 899
1 33 978
1 453 892
2 707
1 167 486
1 420 948
1 329 809
2 108
2 866
2 420
2 661
1 372 966
1 69 89
1 135 291
2 767
2 168
2 459
2 260
2 321
1 172 198
1 247 695
2 336
2 647
1 722 940
1 51 105
1 463 472
1 705 960
1 123 132
1 286 330
2 307
2 366
2 870
1 624 667
2 524
1 216 834
2 326
1 183 865
2 1007
1 58 745
1 83 225
1 543 943
2 854
2 615
1 24 369
1 159 212
1 457 885
1 348 985
2 49
1 32 727
2 852
1 4 265
2 461
2 357
1 36 58
2 135
2 577
1 268 881
1 92 131
2 632
1 56 785
1 118 557
1 171 180
1 241 821
1 48 564
2 29
1 342 461
1 379 518
1 110 130
1 696 771
1 349 366
2 110
2 1
1 19 64
2 868
2 531
2 929
2 368
1 222 548
2 465
2 939
2 239
2 786
1 550 879
2 774
1 153 658
1 606 648
1 243 440
2 588
1 124 580
1 16 17
2 704
1 183 292
2 280
1 174 183
1 301 848
2 744
1 183 557
1 54 910
2 131
1 26 57
2 583
1 141 486
1 29 365
1 817 859
1 368 922
1 253 397
1 508 772
2 304
2 1012
1 688 858
1 287 492
2 166
1 174 451
2 936
2 498
1 61 143
2 175
1 13 672
1 127 919
1 38 166
2 905
1 176 742
1 436 451
2 129
1 122 146
2 466
2 589
1 390 879
2 966
1 994 1021
2 605
2 87
1 64 110
1 88 720
1 111 696
1 20 24
1 308 494
2 386
1 256 353
2 555
1 21 724
2 841
2 26
1 6 31
1 46 432
2 784
2 264
1 412 726
1 38 968
1 486 997
1 72 174
1 77 178
2 176
2 750
1 34 149
1 109 151
1 379 399
2 673
1 207 503
1 130 367
2 267
1 375 641
2 410
2 263
2 915
1 268 360
1 71 149
2 35
2 983
2 573
2 696
2 25
2 467
2 121
1 107 270
2 649
1 544 1002
2 461
1 57 80
2 11
2 598
1 104 888
2 206
1 481 965
1 156 478
2 181
2 84
2 599
2 844
2 497
1 800 1011
2 87
1 16 372
2 900
2 971
2 517
1 346 578
2 517
2 553
2 182
2 38
1 258 706
2 567
2 849
1 18 92
2 486
2 945
2 816
2 315
2 303
1 190 397
1 93 400
2 207
2 178
1 16 67
1 352 478
2 281
1 685 845
2 987
1 145 210
1 468 880
1 60 127
1 3 134
2 756
2 646
2 1022
2 506
1 352 357
2 686
1 88 118
2 531
2 524
1 523 797
2 182
1 359 814
2 930
2 591
2 994
2 539
1 3 11
2 588
1 416 536
2 962
1 26 593
2 456
1 2 107
1 97 854
1 11 37
1 3 37
1 109 251
2 799
1 306 492
1 311 413
2 795
1 257 776
2 510
2 931
1 34 173
2 580
2 611
2 1011
2 1017
2 60
2 903
2 661
1 213 574
1 56 57
2 661
2 465
1 6 521
2 322
2 302
1 713 877
1 981 984
1 70 105
2 554
2 431
2 1008
2 996
2 151
2 102
2 44
2 413
2 524
2 322
2 709
2 165
1 186 278
1 291 503
1 154 577
1 29 115
2 229
1 274 993
