200
99 135
95 160
14 196
41 9
43 96
52 6
67 73
102 150
184 81
28 116
26 67
54 109
156 55
169 161
174 153
184 163
119 145
129 81
72 178
103 46
58 36
174 171
3 172
108 20
35 75
2 200
15 128
152 83
186 197
190 112
44 11
14 152
160 21
100 123
95 108
190 50
122 63
127 89
85 135
37 143
62 9
127 168
9 114
150 46
160 160
83 88
77 115
152 87
21 94
142 69
114 56
179 63
168 48
114 160
106 159
30 142
41 33
197 184
12 16
36 86
40 16
169 148
74 6
25 24
147 120
123 75
172 101
4 147
107 3
98 143
77 74
162 64
119 6
48 67
40 174
154 57
21 22
84 41
74 188
149 81
51 190
51 157
19 160
194 101
74 143
141 168
199 16
6 130
101 68
98 27
192 24
75 163
124 137
19 22
113 143
93 47
41 48
154 22
162 78
186 171
79 161
146 141
31 53
117 176
115 20
28 144
60 145
172 176
93 183
97 24
81 7
16 26
148 139
92 149
85 182
24 11
57 6
142 21
161 151
125 97
160 168
194 86
44 129
164 181
171 66
61 188
116 112
161 17
73 57
142 11
1 43
185 68
103 177
36 2
78 48
79 13
146 130
110 140
45 188
52 61
27 41
132 39
90 40
163 150
158 183
122 102
200 88
106 23
118 198
167 147
147 196
56 27
135 161
28 89
127 200
99 79
195 59
32 153
63 111
152 20
40 48
118 127
184 91
164 184
73 135
171 167
117 191
190 5
78 18
112 98
159 176
27 53
129 34
8 161
25 135
191 183
51 92
115 133
149 109
44 193
192 70
9 105
130 137
105 76
130 69
176 114
179 140
132 14
85 66
169 35
145 25
197 112
129 75
51 122
15 170
25 30
184 28
9 65
189 51
86 139
