3 5 5 2
9 99 141
1 2 1
2 3 2
3 1 2
1 3 1
1 3 2
4 2 546192273
5 1 6172
50 501 998244353 199
33 49 418 315 699 556 1015 461 92 556 6796 896 997 126 7777 924 3278 1291 1671 207 1767 20414 160 21663 2663 1402 3827 3595 5349 1916 3178 2921 2669 2412 18078 5915 492 6362 7669 724 4678 1143 2330 2826 32591 4146 6453 46589 8544 869
8 19 4
4 48 4
6 45 3
1 40 2
21 27 3
1 28 3
28 37 5
23 41 4
3 24 5
22 29 3
1 31 3
36 49 1
2 23 5
11 29 4
19 48 2
15 31 1
29 35 4
13 44 5
7 50 2
20 23 4
28 48 5
12 37 1
3 20 3
33 50 4
18 44 1
43 50 2
23 42 2
9 34 4
7 46 4
33 42 2
34 37 4
33 47 3
19 28 5
23 30 4
2 25 3
17 21 3
7 13 4
14 39 1
7 37 5
21 30 3
41 45 2
8 30 5
30 37 2
20 37 5
28 29 4
5 23 4
6 25 4
29 34 5
11 15 5
9 28 2
7 11 3
20 32 5
4 39 5
27 46 5
1 5 4
30 48 1
25 44 2
4 39 4
7 24 2
7 30 3
30 43 5
3 25 1
23 20 5
15 38 3
24 49 1
8 36 5
1 48 1
6 20 1
9 50 5
30 47 4
27 46 5
33 42 3
4 31 1
28 41 2
43 47 2
19 21 4
17 33 5
18 47 4
2 49 5
5 30 5
15 49 5
23 44 2
12 27 3
9 14 3
3 4 1
24 49 2
44 49 4
38 43 5
9 42 1
5 28 1
25 45 5
34 49 3
25 35 2
8 25 3
21 46 4
3 19 1
36 39 5
3 4 2
33 40 3
6 8 5
9 26 1
6 21 2
39 42 1
37 40 5
27 29 3
3 45 1
10 32 1
25 30 5
27 40 2
10 20 5
44 47 4
14 46 5
48 43 2
16 22 2
20 43 5
20 26 1
10 38 1
6 33 5
20 46 3
16 18 2
14 38 2
34 44 3
19 10 2
38 49 4
14 22 2
2 3 1
33 47 2
24 47 1
6 29 5
5 9 3
14 31 4
34 41 5
7 42 5
22 33 5
3 26 2
8 36 3
1 29 5
25 49 1
12 19 5
11 25 5
7 9 1
8 37 4
20 47 1
22 29 5
42 48 3
19 40 2
21 35 1
3 14 2
6 34 2
6 32 1
16 47 1
5 12 5
4 11 4
8 40 2
30 40 4
6 43 2
25 40 4
44 50 1
9 25 5
28 36 5
9 11 5
41 49 1
32 49 2
49 50 1
19 48 1
38 44 1
4 49 3
8 40 5
11 30 3
1 11 4
1 7 5
39 48 4
26 40 5
14 37 1
11 14 4
35 49 5
4 25 5
24 49 1
13 23 2
39 34 3
33 49 2
5 36 3
37 48 2
23 29 1
23 41 4
11 39 1
26 48 1
23 43 4
21 22 5
27 32 3
41 49 3
9 47 3
16 48 2
44 49 1
8 28 2
21 39 4
14 34 4
29 41 2
15 47 2
6 36 5
7 32 1
27 50 3
4 8 1
27 38 1
3 9 3
33 49 3
7 42 5
4 43 5
16 50 4
14 24 3
5 11 1
14 23 1
22 25 4
5 19 2
26 47 1
14 29 1
17 26 3
18 30 4
24 38 3
25 43 1
16 18 3
8 15 3
33 40 4
32 46 1
24 31 5
34 45 5
1 38 2
48 49 5
3 17 2
19 23 1
32 41 1
28 33 4
31 45 5
2 36 4
11 25 5
4 36 1
16 20 4
32 49 3
5 15 2
22 47 4
5 9 2
23 37 1
2 19 2
11 22 1
4 38 2
20 37 5
26 42 3
7 50 3
20 44 2
8 27 1
37 46 1
10 50 1
4 5 1
30 32 2
8 22 2
20 32 3
17 47 2
33 48 1
31 33 1
14 28 4
11 21 1
11 33 2
7 46 3
6 13 5
25 29 4
7 44 2
17 23 1
13 44 4
30 32 2
5 45 3
3 17 5
3 12 2
1 5 2
6 1 5
9 40 1
34 41 1
1 22 2
17 29 1
17 28 2
23 35 1
25 27 5
1 30 4
18 20 4
27 50 3
4 41 5
32 34 2
22 42 2
1 29 2
16 36 5
25 36 4
7 24 4
3 17 2
14 21 4
25 47 2
31 44 5
26 49 2
22 39 4
34 41 5
16 47 2
14 30 1
33 50 2
21 40 1
19 42 3
23 31 5
6 22 3
9 48 3
32 43 4
7 38 2
8 31 5
17 21 4
3 27 3
10 40 5
11 15 3
41 43 1
5 15 3
6 47 2
8 42 4
24 48 5
21 48 2
18 20 2
16 48 1
23 36 3
22 44 1
9 31 2
35 46 3
13 47 1
17 34 5
19 40 4
4 38 3
12 40 5
12 34 3
4 46 3
18 21 2
10 37 2
2 15 2
15 26 3
17 42 3
2 39 5
32 39 3
43 50 3
29 49 4
3 34 3
2 15 4
27 35 5
6 34 4
17 49 5
23 40 5
16 37 2
17 12 3
34 43 5
41 50 2
14 21 3
8 47 3
3 34 2
4 44 1
34 41 3
13 15 4
8 13 4
2 11 2
17 41 3
20 40 4
28 29 2
31 45 4
9 36 3
27 38 3
11 14 3
8 46 5
21 47 3
4 8 5
9 23 3
4 50 4
32 44 3
22 32 3
12 37 1
15 42 5
6 34 1
11 14 4
31 41 4
4 46 1
25 48 5
26 40 3
12 20 4
10 46 1
40 45 4
29 42 3
19 24 1
26 28 5
5 11 3
15 19 1
4 13 3
8 37 5
25 38 5
11 21 3
29 39 4
24 34 4
17 19 1
7 28 3
20 44 1
19 40 2
10 28 5
15 29 3
27 30 5
5 18 3
20 30 4
7 21 5
16 39 4
45 49 4
28 26 1
6 45 3
33 43 5
2 4 5
18 2 4
17 1 5
13 7 5
16 9 3
20 10 5
20 9 5
14 2 4
12 4 5
13 9 3
15 6 5
28 19 3
22 12 3
29 14 3
25 15 5
25 17 4
22 11 5
30 12 5
28 15 5
24 20 4
25 12 3
40 27 3
39 29 5
31 26 4
39 29 3
31 28 4
33 22 3
39 28 4
35 26 3
39 29 5
32 26 4
44 31 3
42 32 5
48 33 4
45 38 5
49 38 4
41 33 3
44 34 5
46 39 3
48 36 4
50 38 4
1 2 5
2 3 5
3 4 5
4 5 5
5 6 5
6 7 5
7 8 5
8 9 5
9 10 5
10 11 5
11 12 5
12 13 5
13 14 5
14 15 5
15 16 5
16 17 5
17 18 5
18 19 5
19 20 5
20 21 5
21 22 5
22 23 5
23 24 5
24 25 5
25 26 5
26 27 5
27 28 5
28 29 5
29 30 5
30 31 5
31 32 5
32 33 5
33 34 5
34 35 5
35 36 5
36 37 5
37 38 5
38 39 5
39 40 5
40 41 5
41 42 5
42 43 5
43 44 5
44 45 5
45 46 5
46 47 5
47 48 5
48 49 5
49 50 5
50 1 5
273924731 47 63517
575210101 45 450741191
924256535 7 25565379
34913118 37 90388
182401224 25 86269
677574550 3 59277
415544888 33 36441
87897060 40 93417
625663494 8 2006
911844342 18 32913
216447876 24 861337384
120163744 23 97093
15109703 25 23767
397065133 41 329903733
912323308 49 51072
162046122 36 44168
120513938 25 331826770
857869061 47 82969
553178148 17 90739
642812271 13 82293
907507840 26 658797113
969506015 47 29982
74502036 19 95985
657263324 16 68011
415235775 33 587488283
24114966 41 4358
688536487 8 41996
165136496 32 37548
63116521 32 37675
90657544 36 64817
744862554 49 88692
582847130 31 81369
599652204 14 60952
722826377 40 21312
617584035 38 16987
61089533 38 71379
24466461 8 175228437
438146761 8 550753685
844907683 26 10770
396500605 15 42971
229721953 3 90610
297920403 4 9488
57400137 41 27625
459423771 20 50962
24090950 38 838752672
379635880 29 26098
606769423 5 47986
371599463 47 13784
782766681 16 651619920
582092951 19 493410493
169925806 23 84349
909916515 20 406071119
41091826 19 88723
527638096 46 46577
666026689 20 50172
876169141 9 88024
796772756 34 64666
671253115 45 723495343
425572287 50 43616
616070633 24 285943572
499724049 34 13526
266870032 36 63769
60366445 41 7513
213955286 13 504953092
807471900 39 86648
599972927 33 57551
720367334 42 69465
970676741 38 98632
193515998 45 82738
320699144 49 3090
124383760 34 63504
201697153 37 91266
460549833 41 53491
967401411 18 19972
922524947 47 28368
764323114 12 85204
679876712 14 66958
915439800 8 729417605
71133664 15 76585
121102361 43 9021
46975819 37 80530
691881199 22 300464182
386679305 13 61677
691301521 16 27262
555078340 36 68082
910413238 43 57464
571701560 32 11085
42956173 23 31482
455675885 35 96350
169496040 12 39469
49782931 24 47641
953273745 18 83793
716123758 21 66791
853291334 10 219954742
384014249 33 44515
133186128 3 67843
843386340 46 201351774
553990940 4 21074
849245784 25 79451
973896929 16 48722
99179960 42 42228
303461983 35 71364
170452375 31 9459
232277521 40 96767
85146775 12 36282
132310590 12 70060
954720790 12 352347131
819018976 28 456867339
168656854 43 19617
934352089 42 56780
92967705 36 27974
766041021 40 13814
30061855 40 61594
263246553 20 31620
305255864 44 79362
717312940 49 85475
247672566 15 80855414
382182400 35 44565
183352340 44 60770
133099261 42 7729
904931668 20 87143
838086704 7 58785
10648115 20 1655
532003594 27 276251138
437569681 28 35740
228056576 20 59783
280527926 47 74450
500859038 1 51319
885040350 24 76552
545661421 1 10219
377970837 10 79875
394857385 40 38289
745392966 38 28826
308851909 33 71499
50773684 5 81563
414245955 35 36048
200835803 38 17381
432724398 31 39978
35528580 42 7788
371268620 50 56806711
969163358 15 14457
366596294 27 34600
73136061 24 67847
166849623 50 30149
505415261 2 99687
247479266 41 25799
512712574 23 366703100
169774079 17 764347740
31126948 12 29119
799409474 4 53639
963168036 28 73981
630672024 11 76925
164327636 31 90036
960866034 42 9801
388570587 24 14874
692759627 50 31241
65721269 47 15191
124075233 14 59118
573863597 6 79365
70454798 35 12864
746169221 45 39383
357972930 4 3512
27856292 19 69199
705772902 38 87429
725673004 37 19238
205074041 5 50951
681034384 12 766487336
132599677 40 18455
361472264 9 82549
426561742 7 135935357
6712188 11 59618
404450371 43 87192
768424342 16 28182
588675305 45 38650
246127384 17 20077
275909368 29 58313
454630678 9 82264
684039732 35 387203231
895929319 36 58459
86015294 50 47114
913363495 33 16718
528037714 46 6733
636488538 6 7356
355287911 12 23006
315400510 26 99783
396114828 14 889738278
297284825 17 67650
67869064 15 40740
858565553 16 65430
875439270 22 42026
506778962 47 78601246
516158480 23 87230
486733763 48 2251
522829210 47 15643
315483417 25 659263936
130808696 10 61965
402482990 47 26327
996023542 18 6360
334534155 26 1000000000

