200
37 142
192 93
57 124
139 55
119 60
5 9
125 126
127 69
31 85
181 21
46 25
156 46
162 135
39 53
183 38
186 174
56 78
42 176
50 59
73 64
129 197
126 4
127 111
52 64
184 26
75 5
109 130
103 162
23 88
61 199
184 65
167 170
66 62
53 46
182 192
73 50
71 115
154 185
50 20
114 34
96 81
49 120
101 130
193 178
143 48
38 195
21 184
122 144
171 53
128 30
130 133
176 58
15 80
149 183
31 93
89 93
142 145
114 70
94 150
120 182
178 7
71 132
64 31
184 172
100 77
154 72
143 169
81 13
188 135
155 90
186 81
31 26
176 166
120 148
35 105
175 54
180 59
122 9
29 162
187 35
179 191
151 134
171 42
163 109
6 105
66 14
92 115
58 147
59 121
155 27
150 98
5 41
156 101
30 63
147 119
127 122
51 58
19 45
184 144
38 104
193 86
83 105
184 99
146 79
189 130
2 21
29 140
94 175
176 108
56 116
21 24
166 154
98 92
178 156
80 85
180 113
53 68
2 25
73 192
83 177
71 157
43 66
90 65
97 142
176 129
157 33
139 12
197 154
128 111
199 29
107 117
148 168
22 145
93 63
16 83
104 98
104 128
10 162
87 99
182 185
137 26
188 103
13 47
95 136
83 139
152 136
27 174
167 83
133 44
20 83
32 68
199 16
8 24
6 81
113 90
196 159
151 139
110 145
166 192
72 39
174 30
66 17
164 163
23 78
167 28
167 12
99 111
159 57
79 179
185 54
61 84
31 72
4 155
122 168
23 87
73 17
48 17
123 175
63 55
71 2
11 21
193 83
29 84
38 58
153 178
188 18
11 131
158 174
96 46
116 179
111 10
160 154
107 88
63 198
175 89
22 46
99 177
146 114
6 84
132 29
